{
  "case_id": 3,
  "method": "pca",
  "dim": 9,
  "seeds": [
    0,
    1,
    2,
    3,
    4,
    5,
    6,
    7,
    8,
    9,
    10,
    11,
    12,
    13,
    14,
    15,
    16,
    17,
    18,
    19
  ],
  "model_paths": [
    "/mnt/home/tianyuez/landscape-v2/grid_world/models/gridworld_ppo_case_3_seed_0.pt",
    "/mnt/home/tianyuez/landscape-v2/grid_world/models/gridworld_ppo_case_3_seed_1.pt",
    "/mnt/home/tianyuez/landscape-v2/grid_world/models/gridworld_ppo_case_3_seed_2.pt",
    "/mnt/home/tianyuez/landscape-v2/grid_world/models/gridworld_ppo_case_3_seed_3.pt",
    "/mnt/home/tianyuez/landscape-v2/grid_world/models/gridworld_ppo_case_3_seed_4.pt",
    "/mnt/home/tianyuez/landscape-v2/grid_world/models/gridworld_ppo_case_3_seed_5.pt",
    "/mnt/home/tianyuez/landscape-v2/grid_world/models/gridworld_ppo_case_3_seed_6.pt",
    "/mnt/home/tianyuez/landscape-v2/grid_world/models/gridworld_ppo_case_3_seed_7.pt",
    "/mnt/home/tianyuez/landscape-v2/grid_world/models/gridworld_ppo_case_3_seed_8.pt",
    "/mnt/home/tianyuez/landscape-v2/grid_world/models/gridworld_ppo_case_3_seed_9.pt",
    "/mnt/home/tianyuez/landscape-v2/grid_world/models/gridworld_ppo_case_3_seed_10.pt",
    "/mnt/home/tianyuez/landscape-v2/grid_world/models/gridworld_ppo_case_3_seed_11.pt",
    "/mnt/home/tianyuez/landscape-v2/grid_world/models/gridworld_ppo_case_3_seed_12.pt",
    "/mnt/home/tianyuez/landscape-v2/grid_world/models/gridworld_ppo_case_3_seed_13.pt",
    "/mnt/home/tianyuez/landscape-v2/grid_world/models/gridworld_ppo_case_3_seed_14.pt",
    "/mnt/home/tianyuez/landscape-v2/grid_world/models/gridworld_ppo_case_3_seed_15.pt",
    "/mnt/home/tianyuez/landscape-v2/grid_world/models/gridworld_ppo_case_3_seed_16.pt",
    "/mnt/home/tianyuez/landscape-v2/grid_world/models/gridworld_ppo_case_3_seed_17.pt",
    "/mnt/home/tianyuez/landscape-v2/grid_world/models/gridworld_ppo_case_3_seed_18.pt",
    "/mnt/home/tianyuez/landscape-v2/grid_world/models/gridworld_ppo_case_3_seed_19.pt"
  ],
  "distance_norm": "l1",
  "distance_matrix": [
    [
      0.0,
      30.368039727211,
      66.04689716175199,
      53.18831595033407,
      52.5338239595294,
      53.379810615908355,
      53.37961936509237,
      31.13565657287836,
      66.40727658569813,
      53.362953724339604,
      53.046085100620985,
      13.88180373609066,
      49.62183864042163,
      50.66453272104263,
      24.910728335380554,
      53.36087770969607,
      67.81085116416216,
      44.12692756205797,
      72.91152000427246,
      50.59616326354444
    ],
    [
      30.368039727211,
      0.0,
      63.2340351305902,
      58.22244147211313,
      58.59682319313288,
      58.405757426749915,
      58.40335237002,
      14.44086917489767,
      63.36721220612526,
      58.16445397026837,
      57.10274663940072,
      35.815884098410606,
      52.248443845659494,
      56.065312936902046,
      13.705618306994438,
      58.32948881597258,
      65.71514701098204,
      45.29020870476961,
      70.81708844006062,
      53.07125555165112
    ],
    [
      66.04689716175199,
      63.2340351305902,
      0.0,
      54.82505860552192,
      54.07617127522826,
      54.84010726539418,
      54.84070607414469,
      63.335500333458185,
      17.23026928678155,
      54.73677826486528,
      54.16659373044968,
      66.53842813149095,
      46.41202175617218,
      49.4553453437984,
      58.44000739976764,
      54.79295878694393,
      19.505847852677107,
      49.96691035106778,
      34.635251212865114,
      50.11520850099623
    ],
    [
      53.18831595033407,
      58.22244147211313,
      54.82505860552192,
      0.0,
      3.937761962413788,
      0.2826911876909435,
      0.28992721205577254,
      56.05773241817951,
      55.42098296433687,
      0.2990687880665064,
      1.88594413921237,
      53.21734457463026,
      29.08425760641694,
      40.172124437987804,
      51.59952186793089,
      0.2877878195140511,
      49.91201888024807,
      18.993063256144524,
      65.19784688204527,
      7.674206545576453
    ],
    [
      52.5338239595294,
      58.59682319313288,
      54.07617127522826,
      3.937761962413788,
      0.0,
      4.1826950828544796,
      4.189563435968012,
      56.75366672873497,
      55.42466793209314,
      4.15172759629786,
      3.89934503659606,
      51.75825422257185,
      29.543761115521193,
      41.41856174916029,
      49.65370421856642,
      4.182182992110029,
      50.47535192966461,
      17.80999229848385,
      64.37460082024336,
      7.224112970754504
    ],
    [
      53.379810615908355,
      58.405757426749915,
      54.84010726539418,
      0.2826911876909435,
      4.1826950828544796,
      0.0,
      0.008352318778634071,
      56.24584449129179,
      55.47127173887566,
      0.2973590516485274,
      2.0262520951218903,
      53.35939557896927,
      29.11351474793628,
      40.2267833952792,
      51.78398488415405,
      0.0892309423070401,
      50.030724458862096,
      19.216422535013407,
      65.34424839960411,
      7.896969837602228
    ],
    [
      53.37961936509237,
      58.40335237002,
      54.84070607414469,
      0.28992721205577254,
      4.189563435968012,
      0.008352318778634071,
      0.0,
      56.24947491521016,
      55.470492670778185,
      0.2952386704273522,
      2.028382791671902,
      53.366534689906985,
      29.117825931403786,
      40.225248182658106,
      51.78696296131238,
      0.08961280877701938,
      50.030497359577566,
      19.224490178283304,
      65.34894117200747,
      7.904206547420472
    ],
    [
      31.13565657287836,
      14.44086917489767,
      63.335500333458185,
      56.05773241817951,
      56.75366672873497,
      56.24584449129179,
      56.24947491521016,
      0.0,
      68.98175124078989,
      56.00425313971937,
      54.74466800317168,
      32.45273695141077,
      48.91744873300195,
      53.38736114650965,
      17.690946243703365,
      56.180643087020144,
      64.91748470067978,
      42.497193679213524,
      73.63420998305082,
      50.92318453080952
    ],
    [
      66.40727658569813,
      63.36721220612526,
      17.23026928678155,
      55.42098296433687,
      55.42466793209314,
      55.47127173887566,
      55.470492670778185,
      68.98175124078989,
      0.0,
      55.40344781987369,
      55.37080502137542,
      68.17415252327919,
      52.99053564295173,
      55.01893885433674,
      64.4976362735033,
      55.461792377522215,
      21.32570282369852,
      55.622459553182125,
      33.70511205494404,
      54.75881472788751
    ],
    [
      53.362953724339604,
      58.16445397026837,
      54.73677826486528,
      0.2990687880665064,
      4.15172759629786,
      0.2973590516485274,
      0.2952386704273522,
      56.00425313971937,
      55.40344781987369,
      0.0,
      1.8231139201670885,
      53.20334502868354,
      28.983097488060594,
      40.09237846545875,
      51.551104040816426,
      0.21812631166540086,
      50.00382219813764,
      19.09832931496203,
      65.33020369522274,
      7.735966473817825
    ],
    [
      53.046085100620985,
      57.10274663940072,
      54.16659373044968,
      1.88594413921237,
      3.89934503659606,
      2.0262520951218903,
      2.028382791671902,
      54.74466800317168,
      55.37080502137542,
      1.8231139201670885,
      0.0,
      51.51496874913573,
      27.74012368172407,
      38.87625132128596,
      50.48515157774091,
      1.9524258838500828,
      49.99157325550914,
      17.980034705251455,
      65.35633124783635,
      6.526941129937768
    ],
    [
      13.88180373609066,
      35.815884098410606,
      66.53842813149095,
      53.21734457463026,
      51.75825422257185,
      53.35939557896927,
      53.366534689906985,
      32.45273695141077,
      68.17415252327919,
      53.20334502868354,
      51.51496874913573,
      0.0,
      48.16588279977441,
      52.97533766925335,
      26.91655407845974,
      53.29835890023969,
      68.67343544214964,
      41.66769918054342,
      73.74186216294765,
      48.62422129325569
    ],
    [
      49.62183864042163,
      52.248443845659494,
      46.41202175617218,
      29.08425760641694,
      29.543761115521193,
      29.11351474793628,
      29.117825931403786,
      48.91744873300195,
      52.99053564295173,
      28.983097488060594,
      27.74012368172407,
      48.16588279977441,
      0.0,
      11.874800633639097,
      47.86941676214337,
      29.049088338157162,
      45.25935911759734,
      21.31135417148471,
      56.80318005010486,
      22.62855607829988
    ],
    [
      50.66453272104263,
      56.065312936902046,
      49.4553453437984,
      40.172124437987804,
      41.41856174916029,
      40.2267833952792,
      40.225248182658106,
      53.38736114650965,
      55.01893885433674,
      40.09237846545875,
      38.87625132128596,
      52.97533766925335,
      11.874800633639097,
      0.0,
      52.467971205711365,
      40.144002033164725,
      48.08271450549364,
      33.1413139924407,
      55.338904321193695,
      34.50335671193898
    ],
    [
      24.910728335380554,
      13.705618306994438,
      58.44000739976764,
      51.59952186793089,
      49.65370421856642,
      51.78398488415405,
      51.78696296131238,
      17.690946243703365,
      64.4976362735033,
      51.551104040816426,
      50.48515157774091,
      26.91655407845974,
      47.86941676214337,
      52.467971205711365,
      0.0,
      51.723067896673456,
      62.63924848288298,
      39.197320602834225,
      74.4760981798172,
      45.77593741007149
    ],
    [
      53.36087770969607,
      58.32948881597258,
      54.79295878694393,
      0.2877878195140511,
      4.182182992110029,
      0.0892309423070401,
      0.08961280877701938,
      56.180643087020144,
      55.461792377522215,
      0.21812631166540086,
      1.9524258838500828,
      53.29835890023969,
      29.049088338157162,
      40.144002033164725,
      51.723067896673456,
      0.0,
      50.01018992601894,
      19.165344858774915,
      65.33606216101907,
      7.8372801097575575
    ],
    [
      67.81085116416216,
      65.71514701098204,
      19.505847852677107,
      49.91201888024807,
      50.47535192966461,
      50.030724458862096,
      50.030497359577566,
      64.91748470067978,
      21.32570282369852,
      50.00382219813764,
      49.99157325550914,
      68.67343544214964,
      45.25935911759734,
      48.08271450549364,
      62.63924848288298,
      50.01018992601894,
      0.0,
      49.01721043884754,
      21.878585048019886,
      48.090604862198234
    ],
    [
      44.12692756205797,
      45.29020870476961,
      49.96691035106778,
      18.993063256144524,
      17.80999229848385,
      19.216422535013407,
      19.224490178283304,
      42.497193679213524,
      55.622459553182125,
      19.09832931496203,
      17.980034705251455,
      41.66769918054342,
      21.31135417148471,
      33.1413139924407,
      39.197320602834225,
      19.165344858774915,
      49.01721043884754,
      0.0,
      56.93965933471918,
      11.453093575313687
    ],
    [
      72.91152000427246,
      70.81708844006062,
      34.635251212865114,
      65.19784688204527,
      64.37460082024336,
      65.34424839960411,
      65.34894117200747,
      73.63420998305082,
      33.70511205494404,
      65.33020369522274,
      65.35633124783635,
      73.74186216294765,
      56.80318005010486,
      55.338904321193695,
      74.4760981798172,
      65.33606216101907,
      21.878585048019886,
      56.93965933471918,
      0.0,
      62.39310028217733
    ],
    [
      50.59616326354444,
      53.07125555165112,
      50.11520850099623,
      7.674206545576453,
      7.224112970754504,
      7.896969837602228,
      7.904206547420472,
      50.92318453080952,
      54.75881472788751,
      7.735966473817825,
      6.526941129937768,
      48.62422129325569,
      22.62855607829988,
      34.50335671193898,
      45.77593741007149,
      7.8372801097575575,
      48.090604862198234,
      11.453093575313687,
      62.39310028217733,
      0.0
    ]
  ]
}