{
  "case_id": 5,
  "method": "pca",
  "dim": 2,
  "seeds": [
    0,
    1,
    2,
    3,
    4,
    5,
    6,
    7,
    8,
    9,
    10,
    11,
    12,
    13,
    14,
    15,
    16,
    17,
    18,
    19
  ],
  "model_paths": [
    "/mnt/home/tianyuez/landscape-v2/grid_world/models/gridworld_ppo_case_5_seed_0.pt",
    "/mnt/home/tianyuez/landscape-v2/grid_world/models/gridworld_ppo_case_5_seed_1.pt",
    "/mnt/home/tianyuez/landscape-v2/grid_world/models/gridworld_ppo_case_5_seed_2.pt",
    "/mnt/home/tianyuez/landscape-v2/grid_world/models/gridworld_ppo_case_5_seed_3.pt",
    "/mnt/home/tianyuez/landscape-v2/grid_world/models/gridworld_ppo_case_5_seed_4.pt",
    "/mnt/home/tianyuez/landscape-v2/grid_world/models/gridworld_ppo_case_5_seed_5.pt",
    "/mnt/home/tianyuez/landscape-v2/grid_world/models/gridworld_ppo_case_5_seed_6.pt",
    "/mnt/home/tianyuez/landscape-v2/grid_world/models/gridworld_ppo_case_5_seed_7.pt",
    "/mnt/home/tianyuez/landscape-v2/grid_world/models/gridworld_ppo_case_5_seed_8.pt",
    "/mnt/home/tianyuez/landscape-v2/grid_world/models/gridworld_ppo_case_5_seed_9.pt",
    "/mnt/home/tianyuez/landscape-v2/grid_world/models/gridworld_ppo_case_5_seed_10.pt",
    "/mnt/home/tianyuez/landscape-v2/grid_world/models/gridworld_ppo_case_5_seed_11.pt",
    "/mnt/home/tianyuez/landscape-v2/grid_world/models/gridworld_ppo_case_5_seed_12.pt",
    "/mnt/home/tianyuez/landscape-v2/grid_world/models/gridworld_ppo_case_5_seed_13.pt",
    "/mnt/home/tianyuez/landscape-v2/grid_world/models/gridworld_ppo_case_5_seed_14.pt",
    "/mnt/home/tianyuez/landscape-v2/grid_world/models/gridworld_ppo_case_5_seed_15.pt",
    "/mnt/home/tianyuez/landscape-v2/grid_world/models/gridworld_ppo_case_5_seed_16.pt",
    "/mnt/home/tianyuez/landscape-v2/grid_world/models/gridworld_ppo_case_5_seed_17.pt",
    "/mnt/home/tianyuez/landscape-v2/grid_world/models/gridworld_ppo_case_5_seed_18.pt",
    "/mnt/home/tianyuez/landscape-v2/grid_world/models/gridworld_ppo_case_5_seed_19.pt"
  ],
  "distance_norm": "l1",
  "distance_matrix": [
    [
      0.0,
      2.978141920709941,
      23.47354620230193,
      10.29777703530044,
      12.380429028777275,
      3.374275025629373,
      21.106531798756386,
      6.95144741142778,
      2.578240606440991,
      6.581296949778883,
      4.1612881625302895,
      3.91287021728622,
      3.1845599554067676,
      9.273040007618697,
      3.1976416344163323,
      2.3674111649593597,
      2.2015360462850433,
      2.6169135969896224,
      6.425339097171712,
      5.109687820244973
    ],
    [
      2.978141920709941,
      0.0,
      26.45168812301187,
      11.10594438730443,
      15.358570949487216,
      6.352416946339314,
      24.084673719466327,
      9.011505025774786,
      1.7700732544370026,
      9.559438870488824,
      1.1831462418203484,
      1.0619184619583497,
      4.624624480749771,
      12.251181928328638,
      4.870429289574373,
      4.277836662295836,
      1.2844309830968599,
      2.4696412995596684,
      9.403481017881653,
      8.087829740954914
    ],
    [
      23.47354620230193,
      26.45168812301187,
      0.0,
      18.68888441412436,
      24.953374059512626,
      21.994319791497656,
      3.6626882257091804,
      17.44018309723708,
      25.604601338560816,
      26.331779476575406,
      27.634834364832216,
      27.386416419588148,
      25.952456963010892,
      27.929831159606767,
      25.965538642020455,
      25.135308172563487,
      25.675082248586968,
      25.384810604593746,
      23.184821502698576,
      24.33753656830686
    ],
    [
      10.29777703530044,
      11.10594438730443,
      18.68888441412436,
      0.0,
      12.483254087208943,
      9.524199819193973,
      16.32187001057882,
      3.3463296238726596,
      12.87601764174143,
      13.861659504271724,
      10.450671987835486,
      12.167862849262779,
      13.482336990707209,
      15.459711187303084,
      13.495418669716772,
      12.665188200259799,
      12.390375370401287,
      12.914690632290064,
      10.714701530394894,
      11.867416596003174
    ],
    [
      12.380429028777275,
      15.358570949487216,
      24.953374059512626,
      12.483254087208943,
      0.0,
      9.006154003147902,
      21.290685833803447,
      9.136924463336282,
      14.511484165036162,
      5.799132078998392,
      16.541717191307566,
      16.293299246063498,
      10.733946468737447,
      3.1073890211585775,
      10.488141659912843,
      11.08073428719138,
      14.581965075062318,
      12.888929649927547,
      5.955089931605563,
      7.270741208532302
    ],
    [
      3.374275025629373,
      6.352416946339314,
      21.994319791497656,
      9.524199819193973,
      9.006154003147902,
      0.0,
      18.331631565788477,
      6.177870195321312,
      5.50533016188826,
      4.337459685077752,
      7.535563188159662,
      7.287145242915593,
      3.958137171513236,
      5.93551136810911,
      3.9712188505228005,
      3.140988381065828,
      5.5758110719144165,
      3.882775646779646,
      3.051064071542339,
      2.3432167768092014
    ],
    [
      21.106531798756386,
      24.084673719466327,
      3.6626882257091804,
      16.32187001057882,
      21.290685833803447,
      18.331631565788477,
      0.0,
      15.07316869369154,
      23.237586935015273,
      22.669091250866227,
      25.267819961286676,
      25.01940201604261,
      22.289768737301713,
      24.26714293389759,
      22.302850416311276,
      21.4726199468543,
      23.308067845041432,
      21.722122378884567,
      19.522133276989397,
      20.674848342597677
    ],
    [
      6.95144741142778,
      9.011505025774786,
      17.44018309723708,
      3.3463296238726596,
      9.136924463336282,
      6.177870195321312,
      15.07316869369154,
      0.0,
      9.529688017868772,
      10.515329880399065,
      10.194651267595136,
      9.946233322351066,
      10.136007366834548,
      12.113381563430423,
      10.149089045844113,
      9.31885857638714,
      9.044045746528628,
      9.568361008417401,
      7.368371906522233,
      8.521086972130515
    ],
    [
      2.578240606440991,
      1.7700732544370026,
      25.604601338560816,
      12.87601764174143,
      14.511484165036162,
      5.50533016188826,
      23.237586935015273,
      9.529688017868772,
      0.0,
      8.71235208603777,
      2.425345653905945,
      1.7818150810273332,
      3.777537696298717,
      11.404095143877583,
      4.023342505123319,
      3.430749877844782,
      0.4856422713401427,
      1.6225545151086145,
      8.556394233430598,
      7.240742956503861
    ],
    [
      6.581296949778883,
      9.559438870488824,
      26.331779476575406,
      13.861659504271724,
      5.799132078998392,
      4.337459685077752,
      22.669091250866227,
      10.515329880399065,
      8.71235208603777,
      0.0,
      10.742585112309172,
      10.494167167065104,
      4.934814389739053,
      2.6917430578398145,
      4.689009580914451,
      5.281602208192988,
      8.782832996063927,
      7.089797570929155,
      3.146957973876832,
      1.9942429082685509
    ],
    [
      4.1612881625302895,
      1.1831462418203484,
      27.634834364832216,
      10.450671987835486,
      16.541717191307566,
      7.535563188159662,
      25.267819961286676,
      10.194651267595136,
      2.425345653905945,
      10.742585112309172,
      0.0,
      1.7171908614272922,
      5.807770722570119,
      13.434328170148987,
      6.053575531394721,
      5.460982904116184,
      1.9597521162452458,
      3.652787541380017,
      10.586627259702002,
      9.270975982775262
    ],
    [
      3.91287021728622,
      1.0619184619583497,
      27.386416419588148,
      12.167862849262779,
      16.293299246063498,
      7.287145242915593,
      25.01940201604261,
      9.946233322351066,
      1.7818150810273332,
      10.494167167065104,
      1.7171908614272922,
      0.0,
      5.55935277732605,
      13.185910224904918,
      5.805157586150652,
      5.212564958872115,
      1.7113341710011767,
      3.4043695961359477,
      10.33820931445793,
      9.022558037531194
    ],
    [
      3.1845599554067676,
      4.624624480749771,
      25.952456963010892,
      13.482336990707209,
      10.733946468737447,
      3.958137171513236,
      22.289768737301713,
      10.136007366834548,
      3.777537696298717,
      4.934814389739053,
      5.807770722570119,
      5.55935277732605,
      0.0,
      7.626557447578868,
      0.24580480882460165,
      0.8171487904474081,
      3.8480186063248736,
      2.1549831811901026,
      4.778856537131882,
      3.463205260205144
    ],
    [
      9.273040007618697,
      12.251181928328638,
      27.929831159606767,
      15.459711187303084,
      3.1073890211585775,
      5.93551136810911,
      24.26714293389759,
      12.113381563430423,
      11.404095143877583,
      2.6917430578398145,
      13.434328170148987,
      13.185910224904918,
      7.626557447578868,
      0.0,
      7.380752638754266,
      7.973345266032803,
      11.474576053903741,
      9.781540628768969,
      4.7450096569081905,
      4.163352187373723
    ],
    [
      3.1976416344163323,
      4.870429289574373,
      25.965538642020455,
      13.495418669716772,
      10.488141659912843,
      3.9712188505228005,
      22.302850416311276,
      10.149089045844113,
      4.023342505123319,
      4.689009580914451,
      6.053575531394721,
      5.805157586150652,
      0.24580480882460165,
      7.380752638754266,
      0.0,
      0.8302304694569728,
      4.093823415149475,
      2.400787990014704,
      4.533051728307281,
      3.2174004513805423
    ],
    [
      2.3674111649593597,
      4.277836662295836,
      25.135308172563487,
      12.665188200259799,
      11.08073428719138,
      3.140988381065828,
      21.4726199468543,
      9.31885857638714,
      3.430749877844782,
      5.281602208192988,
      5.460982904116184,
      5.212564958872115,
      0.8171487904474081,
      7.973345266032803,
      0.8302304694569728,
      0.0,
      3.5012307878709383,
      1.8081953627361673,
      5.125644355585818,
      3.809993078659079
    ],
    [
      2.2015360462850433,
      1.2844309830968599,
      25.675082248586968,
      12.390375370401287,
      14.581965075062318,
      5.5758110719144165,
      23.308067845041432,
      9.044045746528628,
      0.4856422713401427,
      8.782832996063927,
      1.9597521162452458,
      1.7113341710011767,
      3.8480186063248736,
      11.474576053903741,
      4.093823415149475,
      3.5012307878709383,
      0.0,
      1.693035425134771,
      8.626875143456756,
      7.3112238665300175
    ],
    [
      2.6169135969896224,
      2.4696412995596684,
      25.384810604593746,
      12.914690632290064,
      12.888929649927547,
      3.882775646779646,
      21.722122378884567,
      9.568361008417401,
      1.6225545151086145,
      7.089797570929155,
      3.652787541380017,
      3.4043695961359477,
      2.1549831811901026,
      9.781540628768969,
      2.400787990014704,
      1.8081953627361673,
      1.693035425134771,
      0.0,
      6.933839718321984,
      5.6181884413952465
    ],
    [
      6.425339097171712,
      9.403481017881653,
      23.184821502698576,
      10.714701530394894,
      5.955089931605563,
      3.051064071542339,
      19.522133276989397,
      7.368371906522233,
      8.556394233430598,
      3.146957973876832,
      10.586627259702002,
      10.33820931445793,
      4.778856537131882,
      4.7450096569081905,
      4.533051728307281,
      5.125644355585818,
      8.626875143456756,
      6.933839718321984,
      0.0,
      1.3156512769267386
    ],
    [
      5.109687820244973,
      8.087829740954914,
      24.33753656830686,
      11.867416596003174,
      7.270741208532302,
      2.3432167768092014,
      20.674848342597677,
      8.521086972130515,
      7.240742956503861,
      1.9942429082685509,
      9.270975982775262,
      9.022558037531194,
      3.463205260205144,
      4.163352187373723,
      3.2174004513805423,
      3.809993078659079,
      7.3112238665300175,
      5.6181884413952465,
      1.3156512769267386,
      0.0
    ]
  ]
}