{
  "case_id": 1,
  "method": "pca",
  "dim": 2,
  "seeds": [
    0,
    1,
    2,
    3,
    4,
    5,
    6,
    7,
    8,
    9
  ],
  "model_paths": [
    "/mnt/home/tianyuez/landscape-v2/grid_world/models/gridworld_ppo_case_1_seed_0.pt",
    "/mnt/home/tianyuez/landscape-v2/grid_world/models/gridworld_ppo_case_1_seed_1.pt",
    "/mnt/home/tianyuez/landscape-v2/grid_world/models/gridworld_ppo_case_1_seed_2.pt",
    "/mnt/home/tianyuez/landscape-v2/grid_world/models/gridworld_ppo_case_1_seed_3.pt",
    "/mnt/home/tianyuez/landscape-v2/grid_world/models/gridworld_ppo_case_1_seed_4.pt",
    "/mnt/home/tianyuez/landscape-v2/grid_world/models/gridworld_ppo_case_1_seed_5.pt",
    "/mnt/home/tianyuez/landscape-v2/grid_world/models/gridworld_ppo_case_1_seed_6.pt",
    "/mnt/home/tianyuez/landscape-v2/grid_world/models/gridworld_ppo_case_1_seed_7.pt",
    "/mnt/home/tianyuez/landscape-v2/grid_world/models/gridworld_ppo_case_1_seed_8.pt",
    "/mnt/home/tianyuez/landscape-v2/grid_world/models/gridworld_ppo_case_1_seed_9.pt"
  ],
  "distance_norm": "l1",
  "distance_matrix": [
    [
      0.0,
      32.47957208752632,
      0.4863176941871643,
      0.006857246160507202,
      0.0015755817294120789,
      32.330569207668304,
      0.07002677023410797,
      33.23043814301491,
      0.045933157205581665,
      0.005585849285125732
    ],
    [
      32.47957208752632,
      0.0,
      32.89422306418419,
      32.48442852497101,
      32.4811400398612,
      0.40838703513145447,
      32.50602547824383,
      1.5607087016105652,
      32.51523417234421,
      32.48206803202629
    ],
    [
      0.4863176941871643,
      32.89422306418419,
      0.0,
      0.4794604480266571,
      0.48474211245775223,
      32.74522018432617,
      0.41629092395305634,
      32.74412044882774,
      0.44038453698158264,
      0.4807318449020386
    ],
    [
      0.006857246160507202,
      32.48442852497101,
      0.4794604480266571,
      0.0,
      0.005281664431095123,
      32.33542564511299,
      0.06316952407360077,
      33.2235808968544,
      0.03907591104507446,
      0.0023604929447174072
    ],
    [
      0.0015755817294120789,
      32.4811400398612,
      0.48474211245775223,
      0.005281664431095123,
      0.0,
      32.332137160003185,
      0.06845118850469589,
      33.228862561285496,
      0.044357575476169586,
      0.0040102675557136536
    ],
    [
      32.330569207668304,
      0.40838703513145447,
      32.74522018432617,
      32.33542564511299,
      32.332137160003185,
      0.0,
      32.35702259838581,
      1.1523216664791107,
      32.36623129248619,
      32.333065152168274
    ],
    [
      0.07002677023410797,
      32.50602547824383,
      0.41629092395305634,
      0.06316952407360077,
      0.06845118850469589,
      32.35702259838581,
      0.0,
      33.1604113727808,
      0.024093613028526306,
      0.06444092094898224
    ],
    [
      33.23043814301491,
      1.5607087016105652,
      32.74412044882774,
      33.2235808968544,
      33.228862561285496,
      1.1523216664791107,
      33.1604113727808,
      0.0,
      33.184504985809326,
      33.22485229372978
    ],
    [
      0.045933157205581665,
      32.51523417234421,
      0.44038453698158264,
      0.03907591104507446,
      0.044357575476169586,
      32.36623129248619,
      0.024093613028526306,
      33.184504985809326,
      0.0,
      0.04034730792045593
    ],
    [
      0.005585849285125732,
      32.48206803202629,
      0.4807318449020386,
      0.0023604929447174072,
      0.0040102675557136536,
      32.333065152168274,
      0.06444092094898224,
      33.22485229372978,
      0.04034730792045593,
      0.0
    ]
  ]
}