{
  "case_id": 1,
  "method": "pca",
  "dim": 2,
  "seeds": [
    0,
    1,
    2,
    3,
    4,
    5,
    6,
    7,
    8,
    9
  ],
  "model_paths": [
    "/mnt/home/tianyuez/landscape-v2/grid_world/models/gridworld_ppo_case_1_seed_0.pt",
    "/mnt/home/tianyuez/landscape-v2/grid_world/models/gridworld_ppo_case_1_seed_1.pt",
    "/mnt/home/tianyuez/landscape-v2/grid_world/models/gridworld_ppo_case_1_seed_2.pt",
    "/mnt/home/tianyuez/landscape-v2/grid_world/models/gridworld_ppo_case_1_seed_3.pt",
    "/mnt/home/tianyuez/landscape-v2/grid_world/models/gridworld_ppo_case_1_seed_4.pt",
    "/mnt/home/tianyuez/landscape-v2/grid_world/models/gridworld_ppo_case_1_seed_5.pt",
    "/mnt/home/tianyuez/landscape-v2/grid_world/models/gridworld_ppo_case_1_seed_6.pt",
    "/mnt/home/tianyuez/landscape-v2/grid_world/models/gridworld_ppo_case_1_seed_7.pt",
    "/mnt/home/tianyuez/landscape-v2/grid_world/models/gridworld_ppo_case_1_seed_8.pt",
    "/mnt/home/tianyuez/landscape-v2/grid_world/models/gridworld_ppo_case_1_seed_9.pt"
  ],
  "distance_matrix": [
    [
      0.0,
      32.07720659503078,
      0.45190725382695707,
      0.005941666835154412,
      0.0015717716612974355,
      32.204590216101394,
      0.052931703306589355,
      32.48340114103039,
      0.04111957699460683,
      0.004326167540853426
    ],
    [
      32.07720659503078,
      0.0,
      32.050234626230036,
      32.07628074018476,
      32.077222660083265,
      0.307393744787888,
      32.05606729855208,
      1.2277263609508706,
      32.072612496543556,
      32.07571303228916
    ],
    [
      0.45190725382695707,
      32.050234626230036,
      0.0,
      0.4459898460676351,
      0.4503401495391174,
      32.17367864593981,
      0.40248944029353945,
      32.440210245697344,
      0.4108351984376338,
      0.4477582367952574
    ],
    [
      0.005941666835154412,
      32.07628074018476,
      0.4459898460676351,
      0.0,
      0.004399438230053444,
      32.20361330870003,
      0.0472060227214366,
      32.48226525266029,
      0.03518461833020563,
      0.001895834507122183
    ],
    [
      0.0015717716612974355,
      32.077222660083265,
      0.4503401495391174,
      0.004399438230053444,
      0.0,
      32.20459260035318,
      0.05150170022048236,
      32.48336079311226,
      0.03956010851787956,
      0.0029106198074358223
    ],
    [
      32.204590216101394,
      0.307393744787888,
      32.17367864593981,
      32.20361330870003,
      32.20459260035318,
      0.0,
      32.1830290532068,
      0.9225338791504533,
      32.199640497076125,
      32.20306136821693
    ],
    [
      0.052931703306589355,
      32.05606729855208,
      0.40248944029353945,
      0.0472060227214366,
      0.05150170022048236,
      32.1830290532068,
      0.0,
      32.460532964552534,
      0.018238725775156894,
      0.04861374045483001
    ],
    [
      32.48340114103039,
      1.2277263609508706,
      32.440210245697344,
      32.48226525266029,
      32.48336079311226,
      0.9225338791504533,
      32.460532964552534,
      0.0,
      32.47734316734883,
      32.48176282912297
    ],
    [
      0.04111957699460683,
      32.072612496543556,
      0.4108351984376338,
      0.03518461833020563,
      0.03956010851787956,
      32.199640497076125,
      0.018238725775156894,
      32.47734316734883,
      0.0,
      0.036931680979992214
    ],
    [
      0.004326167540853426,
      32.07571303228916,
      0.4477582367952574,
      0.001895834507122183,
      0.0029106198074358223,
      32.20306136821693,
      0.04861374045483001,
      32.48176282912297,
      0.036931680979992214,
      0.0
    ]
  ]
}