{
  "case_id": 3,
  "method": "pca",
  "dim": 3,
  "seeds": [
    0,
    1,
    2,
    3,
    4,
    5,
    6,
    7,
    8,
    9,
    10,
    11,
    12,
    13,
    14,
    15,
    16,
    17,
    18,
    19
  ],
  "model_paths": [
    "/mnt/home/tianyuez/landscape-v2/grid_world/models/gridworld_ppo_case_3_seed_0.pt",
    "/mnt/home/tianyuez/landscape-v2/grid_world/models/gridworld_ppo_case_3_seed_1.pt",
    "/mnt/home/tianyuez/landscape-v2/grid_world/models/gridworld_ppo_case_3_seed_2.pt",
    "/mnt/home/tianyuez/landscape-v2/grid_world/models/gridworld_ppo_case_3_seed_3.pt",
    "/mnt/home/tianyuez/landscape-v2/grid_world/models/gridworld_ppo_case_3_seed_4.pt",
    "/mnt/home/tianyuez/landscape-v2/grid_world/models/gridworld_ppo_case_3_seed_5.pt",
    "/mnt/home/tianyuez/landscape-v2/grid_world/models/gridworld_ppo_case_3_seed_6.pt",
    "/mnt/home/tianyuez/landscape-v2/grid_world/models/gridworld_ppo_case_3_seed_7.pt",
    "/mnt/home/tianyuez/landscape-v2/grid_world/models/gridworld_ppo_case_3_seed_8.pt",
    "/mnt/home/tianyuez/landscape-v2/grid_world/models/gridworld_ppo_case_3_seed_9.pt",
    "/mnt/home/tianyuez/landscape-v2/grid_world/models/gridworld_ppo_case_3_seed_10.pt",
    "/mnt/home/tianyuez/landscape-v2/grid_world/models/gridworld_ppo_case_3_seed_11.pt",
    "/mnt/home/tianyuez/landscape-v2/grid_world/models/gridworld_ppo_case_3_seed_12.pt",
    "/mnt/home/tianyuez/landscape-v2/grid_world/models/gridworld_ppo_case_3_seed_13.pt",
    "/mnt/home/tianyuez/landscape-v2/grid_world/models/gridworld_ppo_case_3_seed_14.pt",
    "/mnt/home/tianyuez/landscape-v2/grid_world/models/gridworld_ppo_case_3_seed_15.pt",
    "/mnt/home/tianyuez/landscape-v2/grid_world/models/gridworld_ppo_case_3_seed_16.pt",
    "/mnt/home/tianyuez/landscape-v2/grid_world/models/gridworld_ppo_case_3_seed_17.pt",
    "/mnt/home/tianyuez/landscape-v2/grid_world/models/gridworld_ppo_case_3_seed_18.pt",
    "/mnt/home/tianyuez/landscape-v2/grid_world/models/gridworld_ppo_case_3_seed_19.pt"
  ],
  "distance_matrix": [
    [
      0.0,
      4.33558279773984,
      34.15324455165643,
      29.473745661406156,
      28.513969298188094,
      29.598705288645434,
      29.600341523511318,
      4.08124370919434,
      33.50162853328192,
      29.504661545521053,
      28.874818827540196,
      2.1021137774993774,
      27.825202907890773,
      31.096674174216783,
      2.735577356079492,
      29.570962224720006,
      36.03617660971719,
      22.736058868160423,
      38.76641900639891,
      26.969862100501867
    ],
    [
      4.33558279773984,
      0.0,
      30.939013305580488,
      31.58126930142288,
      30.58544941792831,
      31.714899752224053,
      31.716529997300963,
      2.570994566910573,
      30.145381431908042,
      31.61499056599458,
      30.95910948414025,
      5.831343773209861,
      28.192533995440453,
      30.944450828500212,
      2.3593846356273147,
      31.684262183589833,
      32.75579868696625,
      24.010971915965026,
      35.698692087028995,
      28.737168639940396
    ],
    [
      34.15324455165643,
      30.939013305580488,
      0.0,
      39.63012562329288,
      38.808675418331404,
      39.762981327708246,
      39.76405727185489,
      31.29223665511421,
      4.510150005376869,
      39.661850859016155,
      39.05518525505012,
      34.24110755216674,
      27.554924186455963,
      25.79347525259966,
      31.620502153235442,
      39.72327738943301,
      2.157821670887469,
      31.041145803590776,
      5.880434119215045,
      35.781533211948485
    ],
    [
      29.473745661406156,
      31.58126930142288,
      39.63012562329288,
      0.0,
      1.033509109152236,
      0.14725263257167404,
      0.14867724469146504,
      31.01543830627357,
      40.01217442771315,
      0.060186611275950805,
      0.8590824619406809,
      27.849948679679123,
      16.685618870723715,
      21.762466981921513,
      29.50202256857012,
      0.11460609558746924,
      41.329689007836734,
      9.838010614283377,
      42.22209878000534,
      4.501326237659076
    ],
    [
      28.513969298188094,
      30.58544941792831,
      38.808675418331404,
      1.033509109152236,
      0.0,
      1.17613030252598,
      1.1778169435671801,
      30.015802606629745,
      39.185984617155825,
      1.0645027614818876,
      0.5548719239833536,
      26.891901469174748,
      16.0116199351499,
      21.158058312710367,
      28.517087461979905,
      1.1377351268092248,
      40.52583025718433,
      8.863019024148473,
      41.45587676842613,
      3.6749828505160336
    ],
    [
      29.598705288645434,
      31.714899752224053,
      39.762981327708246,
      0.14725263257167404,
      1.17613030252598,
      0.0,
      0.0019792326780596688,
      31.147113370856314,
      40.147606920094965,
      0.11732488492137125,
      0.9721250532027714,
      27.973135934122915,
      16.783886715102838,
      21.851788495481248,
      29.63354020153027,
      0.0481168599270719,
      41.461246466820484,
      9.976014540355791,
      42.346994858358244,
      4.622509579558587
    ],
    [
      29.600341523511318,
      31.716529997300963,
      39.76405727185489,
      0.14867724469146504,
      1.1778169435671801,
      0.0019792326780596688,
      0.0,
      31.148826415779663,
      40.14860406093045,
      0.11909650314713656,
      0.9740229920045201,
      27.974815247294213,
      16.785284075333514,
      21.853067255522188,
      29.635156542954284,
      0.04979777460713708,
      41.46226743008906,
      9.977696934291295,
      42.34804037780591,
      4.624156701853028
    ],
    [
      4.08124370919434,
      2.570994566910573,
      31.29223665511421,
      31.01543830627357,
      30.015802606629745,
      31.147113370856314,
      31.148826415779663,
      0.0,
      30.862912146325986,
      31.045086249555645,
      30.354800679722572,
      4.851889093271548,
      27.069594131938654,
      29.73521319748287,
      3.1800145914021893,
      31.11481853340921,
      33.19000076141158,
      23.28695107932137,
      35.77350671205661,
      28.036900256566376
    ],
    [
      33.50162853328192,
      30.145381431908042,
      4.510150005376869,
      40.01217442771315,
      39.185984617155825,
      40.147606920094965,
      40.14860406093045,
      30.862912146325986,
      0.0,
      40.04945791920123,
      39.486083161366885,
      33.800947998058795,
      29.498603100002903,
      28.445274327242238,
      30.857042157801047,
      40.110693926636024,
      4.396016090964236,
      31.701177004520297,
      9.871526412145156,
      36.408993301807804
    ],
    [
      29.504661545521053,
      31.61499056599458,
      39.661850859016155,
      0.060186611275950805,
      1.0645027614818876,
      0.11732488492137125,
      0.11909650314713656,
      31.045086249555645,
      40.04945791920123,
      0.0,
      0.859082847018494,
      27.878430191208125,
      16.68328964294608,
      21.75716006591266,
      29.53577419683282,
      0.07366122567161401,
      41.36211385547014,
      9.85915897002191,
      42.247766707864216,
      4.509316735534979
    ],
    [
      28.874818827540196,
      30.95910948414025,
      39.05518525505012,
      0.8590824619406809,
      0.5548719239833536,
      0.9721250532027714,
      0.9740229920045201,
      30.354800679722572,
      39.486083161366885,
      0.859082847018494,
      0.0,
      27.232663564853446,
      15.944120373951316,
      21.05689924417364,
      28.89472192521503,
      0.9260527058492273,
      40.77539544489129,
      9.062344963202882,
      41.63719420934624,
      3.7051206052914045
    ],
    [
      2.1021137774993774,
      5.831343773209861,
      34.24110755216674,
      27.849948679679123,
      26.891901469174748,
      27.973135934122915,
      27.974815247294213,
      4.851889093271548,
      33.800947998058795,
      27.878430191208125,
      27.232663564853446,
      0.0,
      26.25506096771033,
      29.631016789267573,
      3.980587148858061,
      27.944704265707667,
      36.17795757066593,
      21.147280990622008,
      38.67952355098632,
      25.310381156455072
    ],
    [
      27.825202907890773,
      28.192533995440453,
      27.554924186455963,
      16.685618870723715,
      16.0116199351499,
      16.783886715102838,
      16.785284075333514,
      27.069594131938654,
      29.498603100002903,
      16.68328964294608,
      15.944120373951316,
      26.25506096771033,
      0.0,
      5.370816095772657,
      27.007917054923,
      16.73704351508305,
      29.42114550081357,
      9.52254426566755,
      28.797517332123025,
      12.400348076115886
    ],
    [
      31.096674174216783,
      30.944450828500212,
      25.79347525259966,
      21.762466981921513,
      21.158058312710367,
      21.851788495481248,
      21.853067255522188,
      29.73521319748287,
      28.445274327242238,
      21.75716006591266,
      21.05689924417364,
      29.631016789267573,
      5.370816095772657,
      0.0,
      30.086802969584834,
      21.806132365790642,
      27.583186508769185,
      14.817273363516552,
      26.01691296682928,
      17.61783548074786
    ],
    [
      2.735577356079492,
      2.3593846356273147,
      31.620502153235442,
      29.50202256857012,
      28.517087461979905,
      29.63354020153027,
      29.635156542954284,
      3.1800145914021893,
      30.857042157801047,
      29.53577419683282,
      28.89472192521503,
      3.980587148858061,
      27.007917054923,
      30.086802969584834,
      0.0,
      29.604107354111616,
      33.47164592103789,
      22.25621359388018,
      36.34869767005015,
      26.798741564991115
    ],
    [
      29.570962224720006,
      31.684262183589833,
      39.72327738943301,
      0.11460609558746924,
      1.1377351268092248,
      0.0481168599270719,
      0.04979777460713708,
      31.11481853340921,
      40.110693926636024,
      0.07366122567161401,
      0.9260527058492273,
      27.944704265707667,
      16.73704351508305,
      21.806132365790642,
      29.604107354111616,
      0.0,
      41.42232775274076,
      9.930786480105084,
      42.30599143191889,
      4.574677271923293
    ],
    [
      36.03617660971719,
      32.75579868696625,
      2.157821670887469,
      41.329689007836734,
      40.52583025718433,
      41.461246466820484,
      41.46226743008906,
      33.19000076141158,
      4.396016090964236,
      41.36211385547014,
      40.77539544489129,
      36.17795757066593,
      29.42114550081357,
      27.583186508769185,
      33.47164592103789,
      41.42232775274076,
      0.0,
      32.90621462080475,
      5.560968958071322,
      37.55170382514807
    ],
    [
      22.736058868160423,
      24.010971915965026,
      31.041145803590776,
      9.838010614283377,
      8.863019024148473,
      9.976014540355791,
      9.977696934291295,
      23.28695107932137,
      31.701177004520297,
      9.85915897002191,
      9.062344963202882,
      21.147280990622008,
      9.52254426566755,
      14.817273363516552,
      22.25621359388018,
      9.930786480105084,
      32.90621462080475,
      0.0,
      33.80050816981082,
      5.620681889547176
    ],
    [
      38.76641900639891,
      35.698692087028995,
      5.880434119215045,
      42.22209878000534,
      41.45587676842613,
      42.346994858358244,
      42.34804037780591,
      35.77350671205661,
      9.871526412145156,
      42.247766707864216,
      41.63719420934624,
      38.67952355098632,
      28.797517332123025,
      26.01691296682928,
      36.34869767005015,
      42.30599143191889,
      5.560968958071322,
      33.80050816981082,
      0.0,
      38.276548494520476
    ],
    [
      26.969862100501867,
      28.737168639940396,
      35.781533211948485,
      4.501326237659076,
      3.6749828505160336,
      4.622509579558587,
      4.624156701853028,
      28.036900256566376,
      36.408993301807804,
      4.509316735534979,
      3.7051206052914045,
      25.310381156455072,
      12.400348076115886,
      17.61783548074786,
      26.798741564991115,
      4.574677271923293,
      37.55170382514807,
      5.620681889547176,
      38.276548494520476,
      0.0
    ]
  ]
}