{
  "case_id": 3,
  "method": "pca",
  "dim": 9,
  "seeds": [
    0,
    1,
    2,
    3,
    4,
    5,
    6,
    7,
    8,
    9,
    10,
    11,
    12,
    13,
    14,
    15,
    16,
    17,
    18,
    19
  ],
  "model_paths": [
    "/mnt/home/tianyuez/landscape-v2/grid_world/models/gridworld_ppo_case_3_seed_0.pt",
    "/mnt/home/tianyuez/landscape-v2/grid_world/models/gridworld_ppo_case_3_seed_1.pt",
    "/mnt/home/tianyuez/landscape-v2/grid_world/models/gridworld_ppo_case_3_seed_2.pt",
    "/mnt/home/tianyuez/landscape-v2/grid_world/models/gridworld_ppo_case_3_seed_3.pt",
    "/mnt/home/tianyuez/landscape-v2/grid_world/models/gridworld_ppo_case_3_seed_4.pt",
    "/mnt/home/tianyuez/landscape-v2/grid_world/models/gridworld_ppo_case_3_seed_5.pt",
    "/mnt/home/tianyuez/landscape-v2/grid_world/models/gridworld_ppo_case_3_seed_6.pt",
    "/mnt/home/tianyuez/landscape-v2/grid_world/models/gridworld_ppo_case_3_seed_7.pt",
    "/mnt/home/tianyuez/landscape-v2/grid_world/models/gridworld_ppo_case_3_seed_8.pt",
    "/mnt/home/tianyuez/landscape-v2/grid_world/models/gridworld_ppo_case_3_seed_9.pt",
    "/mnt/home/tianyuez/landscape-v2/grid_world/models/gridworld_ppo_case_3_seed_10.pt",
    "/mnt/home/tianyuez/landscape-v2/grid_world/models/gridworld_ppo_case_3_seed_11.pt",
    "/mnt/home/tianyuez/landscape-v2/grid_world/models/gridworld_ppo_case_3_seed_12.pt",
    "/mnt/home/tianyuez/landscape-v2/grid_world/models/gridworld_ppo_case_3_seed_13.pt",
    "/mnt/home/tianyuez/landscape-v2/grid_world/models/gridworld_ppo_case_3_seed_14.pt",
    "/mnt/home/tianyuez/landscape-v2/grid_world/models/gridworld_ppo_case_3_seed_15.pt",
    "/mnt/home/tianyuez/landscape-v2/grid_world/models/gridworld_ppo_case_3_seed_16.pt",
    "/mnt/home/tianyuez/landscape-v2/grid_world/models/gridworld_ppo_case_3_seed_17.pt",
    "/mnt/home/tianyuez/landscape-v2/grid_world/models/gridworld_ppo_case_3_seed_18.pt",
    "/mnt/home/tianyuez/landscape-v2/grid_world/models/gridworld_ppo_case_3_seed_19.pt"
  ],
  "distance_matrix": [
    [
      0.0,
      14.3728730966132,
      35.16070965711671,
      30.242876480581224,
      29.345826591434143,
      30.36573560749766,
      30.367473008859342,
      12.279931739808776,
      35.16137159687623,
      30.285409166874384,
      29.689573558419518,
      5.562049547960104,
      28.963172190596755,
      32.37644123143287,
      10.868528072086347,
      30.34050763875229,
      36.6449983996799,
      24.00383330548538,
      40.2881017929094,
      27.83635513291172
    ],
    [
      14.3728730966132,
      0.0,
      32.47636960303146,
      32.426217840863785,
      31.53403549799206,
      32.55679154307853,
      32.55809747082056,
      7.924476523028805,
      31.3799627766542,
      32.44646015384901,
      31.79646085052133,
      16.37869774058467,
      28.99912916249625,
      31.817446096923252,
      5.1150561920394075,
      32.524531123868506,
      33.83263799169868,
      25.130243634655542,
      38.27260563047105,
      29.648722149511734
    ],
    [
      35.16070965711671,
      32.47636960303146,
      0.0,
      40.02439438276881,
      39.224319120320715,
      40.15208741695921,
      40.152996474756726,
      32.409203163632476,
      7.6319419495560945,
      40.05213178182448,
      39.45408718744163,
      35.50515370725029,
      27.904205162767177,
      26.16412400579628,
      32.522752550386265,
      40.112530446359195,
      6.97509405076612,
      31.935290164214837,
      16.163315722276053,
      36.22393219919629
    ],
    [
      30.242876480581224,
      32.426217840863785,
      40.02439438276881,
      0.0,
      1.887898581085573,
      0.15382329360772828,
      0.15561762661134107,
      31.596246823181733,
      40.59529750052798,
      0.1223706631088021,
      0.9501202397367077,
      29.032228121776985,
      16.892752396986868,
      22.24917980929778,
      29.93663592800465,
      0.1277878711528902,
      41.393376125801154,
      10.142568646603241,
      43.44975505177747,
      4.522722638299825
    ],
    [
      29.345826591434143,
      31.53403549799206,
      39.224319120320715,
      1.887898581085573,
      0.0,
      1.9777534546190016,
      1.9812187006242747,
      30.69316758515936,
      39.88740223914549,
      1.9403064543486868,
      1.8553348706474626,
      28.060406174905342,
      16.34023625352598,
      21.82078336717988,
      28.970940230458126,
      1.9662965402971246,
      40.65221594862318,
      9.142729787751563,
      42.6052350871646,
      3.859552488425261
    ],
    [
      30.36573560749766,
      32.55679154307853,
      40.15208741695921,
      0.15382329360772828,
      1.9777534546190016,
      0.0,
      0.0041925123582745956,
      31.726417393225812,
      40.72240078477132,
      0.140413938833521,
      1.0411502327809459,
      29.148215375344385,
      16.98413729979373,
      22.328774810949536,
      30.065464159559475,
      0.05164051742768826,
      41.52506804737134,
      10.285588478820342,
      43.580270454991386,
      4.644102033628867
    ],
    [
      30.367473008859342,
      32.55809747082056,
      40.152996474756726,
      0.15561762661134107,
      1.9812187006242747,
      0.0041925123582745956,
      0.0,
      31.728108521758962,
      40.72312422514474,
      0.1408765427934561,
      1.0424110820543677,
      29.15016705526607,
      16.985250497777958,
      22.329572682372266,
      30.0668867834454,
      0.052207449282207566,
      41.526005241211735,
      10.287757729203353,
      43.58178900722952,
      4.6460040460657
    ],
    [
      12.279931739808776,
      7.924476523028805,
      32.409203163632476,
      31.596246823181733,
      30.69316758515936,
      31.726417393225812,
      31.728108521758962,
      0.0,
      32.16583467381887,
      31.624976450392793,
      30.961741693155712,
      13.398041417389777,
      27.89681876253816,
      30.797435606363763,
      9.255692786787348,
      31.69476872205311,
      33.89424170838297,
      23.965340244693454,
      37.796423938022556,
      28.687380075711133
    ],
    [
      35.16137159687623,
      31.3799627766542,
      7.6319419495560945,
      40.59529750052798,
      39.88740223914549,
      40.72240078477132,
      40.72312422514474,
      32.16583467381887,
      0.0,
      40.61638717846387,
      40.02273377495792,
      35.747049081770264,
      29.83660507743218,
      28.595985430415407,
      31.688566862282258,
      40.68393921685594,
      9.373520710038841,
      32.9363388076713,
      19.338551026729405,
      37.05959805140325
    ],
    [
      30.285409166874384,
      32.44646015384901,
      40.05213178182448,
      0.1223706631088021,
      1.9403064543486868,
      0.140413938833521,
      0.1408765427934561,
      31.624976450392793,
      40.61638717846387,
      0.0,
      0.9132988508953725,
      29.070821265495198,
      16.87616256725716,
      22.224893633206225,
      29.959971715951813,
      0.09571968112042828,
      41.42750732219429,
      10.180165785829953,
      43.49414709602392,
      4.53292938018847
    ],
    [
      29.689573558419518,
      31.79646085052133,
      39.45408718744163,
      0.9501202397367077,
      1.8553348706474626,
      1.0411502327809459,
      1.0424110820543677,
      30.961741693155712,
      40.02273377495792,
      0.9132988508953725,
      0.0,
      28.454180497211105,
      16.117824829998384,
      21.499149205522496,
      29.31340252078855,
      0.9931515967132506,
      40.845127298664956,
      9.465613897072371,
      42.94111936115653,
      3.757770219021489
    ],
    [
      5.562049547960104,
      16.37869774058467,
      35.50515370725029,
      29.032228121776985,
      28.060406174905342,
      29.148215375344385,
      29.15016705526607,
      13.398041417389777,
      35.747049081770264,
      29.070821265495198,
      28.454180497211105,
      0.0,
      27.847577624247336,
      31.36852000369503,
      12.60766478245132,
      29.12366923778763,
      36.94658429624626,
      22.969036118531555,
      40.47459670405767,
      26.607957065627083
    ],
    [
      28.963172190596755,
      28.99912916249625,
      27.904205162767177,
      16.892752396986868,
      16.34023625352598,
      16.98413729979373,
      16.985250497777958,
      27.89681876253816,
      29.83660507743218,
      16.87616256725716,
      16.117824829998384,
      27.847577624247336,
      0.0,
      5.772740728891547,
      27.354589334091997,
      16.935921196644934,
      29.729605737253138,
      10.667163049932839,
      31.482151608583997,
      12.683430805205983
    ],
    [
      32.37644123143287,
      31.817446096923252,
      26.16412400579628,
      22.24917980929778,
      21.82078336717988,
      22.328774810949536,
      22.329572682372266,
      30.797435606363763,
      28.595985430415407,
      22.224893633206225,
      21.499149205522496,
      31.36852000369503,
      5.772740728891547,
      0.0,
      30.530266616775748,
      22.28122276634646,
      28.21236407666239,
      16.338883968594775,
      29.89479882893866,
      18.240172377567877
    ],
    [
      10.868528072086347,
      5.1150561920394075,
      32.522752550386265,
      29.93663592800465,
      28.970940230458126,
      30.065464159559475,
      30.0668867834454,
      9.255692786787348,
      31.688566862282258,
      29.959971715951813,
      29.31340252078855,
      12.60766478245132,
      27.354589334091997,
      30.530266616775748,
      0.0,
      30.034811944089117,
      34.04702792585372,
      23.003082498405448,
      38.422227059285284,
      27.249131321508816
    ],
    [
      30.34050763875229,
      32.524531123868506,
      40.112530446359195,
      0.1277878711528902,
      1.9662965402971246,
      0.05164051742768826,
      0.052207449282207566,
      31.69476872205311,
      40.68393921685594,
      0.09571968112042828,
      0.9931515967132506,
      29.12366923778763,
      16.935921196644934,
      22.28122276634646,
      30.034811944089117,
      0.0,
      41.48627896789495,
      10.24453969082932,
      43.54333531268614,
      4.597505178183366
    ],
    [
      36.6449983996799,
      33.83263799169868,
      6.97509405076612,
      41.393376125801154,
      40.65221594862318,
      41.52506804737134,
      41.526005241211735,
      33.89424170838297,
      9.373520710038841,
      41.42750732219429,
      40.845127298664956,
      36.94658429624626,
      29.729605737253138,
      28.21236407666239,
      34.04702792585372,
      41.48627896789495,
      0.0,
      33.0648688209773,
      11.268369981929888,
      37.63659318478707
    ],
    [
      24.00383330548538,
      25.130243634655542,
      31.935290164214837,
      10.142568646603241,
      9.142729787751563,
      10.285588478820342,
      10.287757729203353,
      23.965340244693454,
      32.9363388076713,
      10.180165785829953,
      9.465613897072371,
      22.969036118531555,
      10.667163049932839,
      16.338883968594775,
      23.003082498405448,
      10.24453969082932,
      33.0648688209773,
      0.0,
      34.782070333536176,
      6.075240507702754
    ],
    [
      40.2881017929094,
      38.27260563047105,
      16.163315722276053,
      43.44975505177747,
      42.6052350871646,
      43.580270454991386,
      43.58178900722952,
      37.796423938022556,
      19.338551026729405,
      43.49414709602392,
      42.94111936115653,
      40.47459670405767,
      31.482151608583997,
      29.89479882893866,
      38.422227059285284,
      43.54333531268614,
      11.268369981929888,
      34.782070333536176,
      0.0,
      39.5980429827016
    ],
    [
      27.83635513291172,
      29.648722149511734,
      36.22393219919629,
      4.522722638299825,
      3.859552488425261,
      4.644102033628867,
      4.6460040460657,
      28.687380075711133,
      37.05959805140325,
      4.53292938018847,
      3.757770219021489,
      26.607957065627083,
      12.683430805205983,
      18.240172377567877,
      27.249131321508816,
      4.597505178183366,
      37.63659318478707,
      6.075240507702754,
      39.5980429827016,
      0.0
    ]
  ]
}