{
  "case_id": 2,
  "method": "pca",
  "dim": 9,
  "seeds": [
    0,
    1,
    2,
    3,
    4,
    5,
    6,
    7,
    8,
    9
  ],
  "model_paths": [
    "/mnt/home/tianyuez/landscape-v2/grid_world/models/gridworld_ppo_case_2_seed_0.pt",
    "/mnt/home/tianyuez/landscape-v2/grid_world/models/gridworld_ppo_case_2_seed_1.pt",
    "/mnt/home/tianyuez/landscape-v2/grid_world/models/gridworld_ppo_case_2_seed_2.pt",
    "/mnt/home/tianyuez/landscape-v2/grid_world/models/gridworld_ppo_case_2_seed_3.pt",
    "/mnt/home/tianyuez/landscape-v2/grid_world/models/gridworld_ppo_case_2_seed_4.pt",
    "/mnt/home/tianyuez/landscape-v2/grid_world/models/gridworld_ppo_case_2_seed_5.pt",
    "/mnt/home/tianyuez/landscape-v2/grid_world/models/gridworld_ppo_case_2_seed_6.pt",
    "/mnt/home/tianyuez/landscape-v2/grid_world/models/gridworld_ppo_case_2_seed_7.pt",
    "/mnt/home/tianyuez/landscape-v2/grid_world/models/gridworld_ppo_case_2_seed_8.pt",
    "/mnt/home/tianyuez/landscape-v2/grid_world/models/gridworld_ppo_case_2_seed_9.pt"
  ],
  "distance_norm": "l1",
  "distance_matrix": [
    [
      0.0,
      10.107494784751907,
      17.019742332064197,
      35.72667603922309,
      3.246154242195189,
      6.243383627577714,
      35.33545937013696,
      25.275766437815037,
      19.68646882349276,
      35.0534007793176
    ],
    [
      10.107494784751907,
      0.0,
      17.469494463774026,
      33.00495127757313,
      7.92133893747814,
      12.391899563797779,
      34.76926900088438,
      26.686656636360567,
      10.799288497219095,
      34.26367882423801
    ],
    [
      17.019742332064197,
      17.469494463774026,
      0.0,
      32.77715886985243,
      17.02768682934402,
      11.31163677054792,
      32.43832651489356,
      11.899137213549693,
      27.77262557578797,
      32.31391708324372
    ],
    [
      35.72667603922309,
      33.00495127757313,
      32.77715886985243,
      0.0,
      36.617518849496264,
      35.45816214873412,
      4.3762200457567815,
      29.86257237009704,
      42.82696962237242,
      3.708907352993265
    ],
    [
      3.246154242195189,
      7.92133893747814,
      17.02768682934402,
      36.617518849496264,
      0.0,
      6.106209196888813,
      35.6993370083801,
      26.48311446706066,
      17.741953471355373,
      35.59032600763021
    ],
    [
      6.243383627577714,
      12.391899563797779,
      11.31163677054792,
      35.45816214873412,
      6.106209196888813,
      0.0,
      34.70948088133082,
      20.93176619640508,
      22.49714858219886,
      34.520667710556154
    ],
    [
      35.33545937013696,
      34.76926900088438,
      32.43832651489356,
      4.3762200457567815,
      35.6993370083801,
      34.70948088133082,
      0.0,
      29.963238963246113,
      44.82824967807392,
      0.6989449156390037
    ],
    [
      25.275766437815037,
      26.686656636360567,
      11.899137213549693,
      29.86257237009704,
      26.48311446706066,
      20.93176619640508,
      29.963238963246113,
      0.0,
      34.020870539097814,
      29.645207828376442
    ],
    [
      19.68646882349276,
      10.799288497219095,
      27.77262557578797,
      42.82696962237242,
      17.741953471355373,
      22.49714858219886,
      44.82824967807392,
      34.020870539097814,
      0.0,
      44.19616930538905
    ],
    [
      35.0534007793176,
      34.26367882423801,
      32.31391708324372,
      3.708907352993265,
      35.59032600763021,
      34.520667710556154,
      0.6989449156390037,
      29.645207828376442,
      44.19616930538905,
      0.0
    ]
  ]
}