{
  "case_id": 2,
  "method": "pca",
  "dim": 3,
  "seeds": [
    0,
    1,
    2,
    3,
    4,
    5,
    6,
    7,
    8,
    9
  ],
  "model_paths": [
    "/mnt/home/tianyuez/landscape-v2/grid_world/models/gridworld_ppo_case_2_seed_0.pt",
    "/mnt/home/tianyuez/landscape-v2/grid_world/models/gridworld_ppo_case_2_seed_1.pt",
    "/mnt/home/tianyuez/landscape-v2/grid_world/models/gridworld_ppo_case_2_seed_2.pt",
    "/mnt/home/tianyuez/landscape-v2/grid_world/models/gridworld_ppo_case_2_seed_3.pt",
    "/mnt/home/tianyuez/landscape-v2/grid_world/models/gridworld_ppo_case_2_seed_4.pt",
    "/mnt/home/tianyuez/landscape-v2/grid_world/models/gridworld_ppo_case_2_seed_5.pt",
    "/mnt/home/tianyuez/landscape-v2/grid_world/models/gridworld_ppo_case_2_seed_6.pt",
    "/mnt/home/tianyuez/landscape-v2/grid_world/models/gridworld_ppo_case_2_seed_7.pt",
    "/mnt/home/tianyuez/landscape-v2/grid_world/models/gridworld_ppo_case_2_seed_8.pt",
    "/mnt/home/tianyuez/landscape-v2/grid_world/models/gridworld_ppo_case_2_seed_9.pt"
  ],
  "distance_matrix": [
    [
      0.0,
      5.191900470420868,
      9.208613921715337,
      28.659123395188654,
      1.2169928763077635,
      2.9687117367641105,
      29.74740817537666,
      15.822657123721031,
      11.192201413876461,
      29.568154336784325
    ],
    [
      5.191900470420868,
      0.0,
      11.759311168425267,
      29.31791513613928,
      5.092134863186795,
      7.356719426996242,
      30.58176909158538,
      16.881253555452044,
      6.582385053430765,
      30.37862356632654
    ],
    [
      9.208613921715337,
      11.759311168425267,
      0.0,
      22.295747725994833,
      10.197105171578292,
      6.58857816395156,
      23.079105424128773,
      7.35553619130011,
      18.235771683725318,
      22.941057611312047
    ],
    [
      28.659123395188654,
      29.31791513613928,
      22.295747725994833,
      0.0,
      29.860449222595005,
      27.17323235142354,
      1.7089956702717146,
      16.85198962082411,
      33.681602988263805,
      1.4524747400613578
    ],
    [
      1.2169928763077635,
      5.092134863186795,
      10.197105171578292,
      29.860449222595005,
      0.0,
      3.8335372901324356,
      30.95397322734297,
      16.86525796147774,
      10.722462105724558,
      30.774130233508103
    ],
    [
      2.9687117367641105,
      7.356719426996242,
      6.58857816395156,
      27.17323235142354,
      3.8335372901324356,
      0.0,
      28.143484170184404,
      13.630710002156778,
      13.771184546609776,
      27.980326242937668
    ],
    [
      29.74740817537666,
      30.58176909158538,
      23.079105424128773,
      1.7089956702717146,
      30.95397322734297,
      28.143484170184404,
      0.0,
      17.510781460328978,
      35.10288666667851,
      0.2571069389776872
    ],
    [
      15.822657123721031,
      16.881253555452044,
      7.35553619130011,
      16.85198962082411,
      16.86525796147774,
      13.630710002156778,
      17.510781460328978,
      0.0,
      22.6198690784043,
      17.388923472767402
    ],
    [
      11.192201413876461,
      6.582385053430765,
      18.235771683725318,
      33.681602988263805,
      10.722462105724558,
      13.771184546609776,
      35.10288666667851,
      22.6198690784043,
      0.0,
      34.879104302170234
    ],
    [
      29.568154336784325,
      30.37862356632654,
      22.941057611312047,
      1.4524747400613578,
      30.774130233508103,
      27.980326242937668,
      0.2571069389776872,
      17.388923472767402,
      34.879104302170234,
      0.0
    ]
  ]
}