{
  "case_id": 5,
  "method": "pca",
  "dim": 12,
  "seeds": [
    0,
    1,
    2,
    3,
    4,
    5,
    6,
    7,
    8,
    9,
    10,
    11,
    12,
    13,
    14,
    15,
    16,
    17,
    18,
    19
  ],
  "model_paths": [
    "/mnt/home/tianyuez/landscape-v2/grid_world/models/gridworld_ppo_case_5_seed_0.pt",
    "/mnt/home/tianyuez/landscape-v2/grid_world/models/gridworld_ppo_case_5_seed_1.pt",
    "/mnt/home/tianyuez/landscape-v2/grid_world/models/gridworld_ppo_case_5_seed_2.pt",
    "/mnt/home/tianyuez/landscape-v2/grid_world/models/gridworld_ppo_case_5_seed_3.pt",
    "/mnt/home/tianyuez/landscape-v2/grid_world/models/gridworld_ppo_case_5_seed_4.pt",
    "/mnt/home/tianyuez/landscape-v2/grid_world/models/gridworld_ppo_case_5_seed_5.pt",
    "/mnt/home/tianyuez/landscape-v2/grid_world/models/gridworld_ppo_case_5_seed_6.pt",
    "/mnt/home/tianyuez/landscape-v2/grid_world/models/gridworld_ppo_case_5_seed_7.pt",
    "/mnt/home/tianyuez/landscape-v2/grid_world/models/gridworld_ppo_case_5_seed_8.pt",
    "/mnt/home/tianyuez/landscape-v2/grid_world/models/gridworld_ppo_case_5_seed_9.pt",
    "/mnt/home/tianyuez/landscape-v2/grid_world/models/gridworld_ppo_case_5_seed_10.pt",
    "/mnt/home/tianyuez/landscape-v2/grid_world/models/gridworld_ppo_case_5_seed_11.pt",
    "/mnt/home/tianyuez/landscape-v2/grid_world/models/gridworld_ppo_case_5_seed_12.pt",
    "/mnt/home/tianyuez/landscape-v2/grid_world/models/gridworld_ppo_case_5_seed_13.pt",
    "/mnt/home/tianyuez/landscape-v2/grid_world/models/gridworld_ppo_case_5_seed_14.pt",
    "/mnt/home/tianyuez/landscape-v2/grid_world/models/gridworld_ppo_case_5_seed_15.pt",
    "/mnt/home/tianyuez/landscape-v2/grid_world/models/gridworld_ppo_case_5_seed_16.pt",
    "/mnt/home/tianyuez/landscape-v2/grid_world/models/gridworld_ppo_case_5_seed_17.pt",
    "/mnt/home/tianyuez/landscape-v2/grid_world/models/gridworld_ppo_case_5_seed_18.pt",
    "/mnt/home/tianyuez/landscape-v2/grid_world/models/gridworld_ppo_case_5_seed_19.pt"
  ],
  "distance_norm": "l1",
  "distance_matrix": [
    [
      0.0,
      5.8086002048780445,
      27.258117923573774,
      16.1509535796133,
      14.688015884106274,
      6.628938938828087,
      23.783081349948798,
      11.73303360062423,
      6.0573903094171,
      8.629277079151164,
      6.0529655521868,
      6.886135694138518,
      6.050643240321553,
      14.261003186107374,
      5.613057815046787,
      3.8235393367392994,
      5.288441991028783,
      7.254609867714866,
      8.393664764382406,
      6.819412017635128
    ],
    [
      5.8086002048780445,
      0.0,
      29.94854683767572,
      17.808569928721457,
      18.54326043479068,
      10.178407527702065,
      26.900418106176065,
      14.978898403046092,
      6.71242100660451,
      11.433049268640742,
      2.6739968230481965,
      4.102061255134706,
      5.735012847724505,
      14.652029557631069,
      7.433423735740379,
      6.645664654036895,
      2.092548385077972,
      9.099746590726017,
      11.945629455963296,
      12.011019441588125
    ],
    [
      27.258117923573774,
      29.94854683767572,
      0.0,
      27.066926809152832,
      30.05561650953809,
      27.90496274053842,
      5.309486282739739,
      25.24959730722296,
      27.161142899199223,
      29.94762225442388,
      30.910228954173093,
      28.869597125605054,
      29.10106871578597,
      33.13064712817798,
      28.29385166265307,
      27.67568405391804,
      29.032891030049846,
      28.806724671339406,
      27.756453178356217,
      27.592404410952817
    ],
    [
      16.1509535796133,
      17.808569928721457,
      27.066926809152832,
      0.0,
      16.936969790716894,
      12.675518362496035,
      23.348097373530525,
      6.117094219283013,
      20.386494164080275,
      18.920761124336465,
      16.301102147068146,
      19.443081583010592,
      19.922994932541894,
      20.851226173328943,
      20.04066111315249,
      18.732395418036347,
      19.335179481517525,
      21.801034434829017,
      14.979822176343353,
      18.643094203248477
    ],
    [
      14.688015884106274,
      18.54326043479068,
      30.05561650953809,
      16.936969790716894,
      0.0,
      10.943186202605094,
      25.042182924043733,
      12.837061376221582,
      19.062541509474617,
      7.640322219784171,
      18.713685311508392,
      20.330449476199004,
      14.101098246327101,
      6.689870474554538,
      13.94834181297432,
      13.735373044391716,
      18.113644014391678,
      18.197824465329585,
      6.879045710824757,
      10.122205704844294
    ],
    [
      6.628938938828087,
      10.178407527702065,
      27.90496274053842,
      12.675518362496035,
      10.943186202605094,
      0.0,
      22.765033390618424,
      8.933321720869426,
      10.797673931360839,
      6.999965486883233,
      10.403347547953555,
      12.167181154347546,
      8.024964879804998,
      8.955818300115741,
      8.274692973253163,
      6.614450604629261,
      9.82881867818085,
      10.698792062613851,
      4.45070615088764,
      6.616037791984485
    ],
    [
      23.783081349948798,
      26.900418106176065,
      5.309486282739739,
      23.348097373530525,
      25.042182924043733,
      22.765033390618424,
      0.0,
      21.72660208148635,
      25.480031314470843,
      24.85724271137778,
      27.332709152188993,
      25.607212554055458,
      24.616283765653247,
      28.712588417782293,
      23.446610399483912,
      22.91460226898115,
      26.00360298108386,
      25.728786451186757,
      22.989074259162376,
      22.79151334586176
    ],
    [
      11.73303360062423,
      14.978898403046092,
      25.24959730722296,
      6.117094219283013,
      12.837061376221582,
      8.933321720869426,
      21.72660208148635,
      0.0,
      16.267073101425225,
      15.165190382659798,
      15.476174703831076,
      16.7426551928559,
      15.936880209839531,
      17.008497225024204,
      16.095050666259322,
      14.775225423644013,
      15.39186989107798,
      17.622091055502736,
      11.058521256526756,
      14.468321953073762
    ],
    [
      6.0573903094171,
      6.71242100660451,
      27.161142899199223,
      20.386494164080275,
      19.062541509474617,
      10.797673931360839,
      25.480031314470843,
      16.267073101425225,
      0.0,
      11.923837404469337,
      6.226701382596174,
      3.882589660603511,
      7.788045205041156,
      17.579307494951845,
      6.597413924872749,
      6.139262102616642,
      5.2787159096812495,
      3.9417269764112945,
      12.807852974790372,
      10.174983836589032
    ],
    [
      8.629277079151164,
      11.433049268640742,
      29.94762225442388,
      18.920761124336465,
      7.640322219784171,
      6.999965486883233,
      24.85724271137778,
      15.165190382659798,
      11.923837404469337,
      0.0,
      11.650790794089932,
      12.8756707596431,
      6.671388290877072,
      6.03983560930591,
      6.430272798398415,
      6.499140297742208,
      10.946447360047179,
      12.17198453406188,
      4.788714902764902,
      4.947426058593014
    ],
    [
      6.0529655521868,
      2.6739968230481965,
      30.910228954173093,
      16.301102147068146,
      18.713685311508392,
      10.403347547953555,
      27.332709152188993,
      15.476174703831076,
      6.226701382596174,
      11.650790794089932,
      0.0,
      4.081684238685011,
      7.438922630268773,
      16.9152869432434,
      7.719826080416292,
      6.62952539991722,
      3.788295513683356,
      9.280650676984248,
      12.401996549856772,
      12.243707263837972
    ],
    [
      6.886135694138518,
      4.102061255134706,
      28.869597125605054,
      19.443081583010592,
      20.330449476199004,
      12.167181154347546,
      25.607212554055458,
      16.7426551928559,
      3.882589660603511,
      12.8756707596431,
      4.081684238685011,
      0.0,
      7.84990848608625,
      17.54365137909681,
      6.884700300309618,
      6.946528037131019,
      4.604576340533586,
      7.479865397659074,
      14.13933403345796,
      11.44591061421269
    ],
    [
      6.050643240321553,
      5.735012847724505,
      29.10106871578597,
      19.922994932541894,
      14.101098246327101,
      8.024964879804998,
      24.616283765653247,
      15.936880209839531,
      7.788045205041156,
      6.671388290877072,
      7.438922630268773,
      7.84990848608625,
      0.0,
      9.929264870850096,
      1.8555571819787515,
      2.892376752436787,
      4.783852746675887,
      7.9586162332782955,
      7.712739787445601,
      7.24312386698373
    ],
    [
      14.261003186107374,
      14.652029557631069,
      33.13064712817798,
      20.851226173328943,
      6.689870474554538,
      8.955818300115741,
      28.712588417782293,
      17.008497225024204,
      17.579307494951845,
      6.03983560930591,
      16.9152869432434,
      17.54365137909681,
      9.929264870850096,
      0.0,
      11.136019351927105,
      12.095999007980543,
      13.551656173567544,
      17.651399133863976,
      7.796513025027061,
      9.97529725001286
    ],
    [
      5.613057815046787,
      7.433423735740379,
      28.29385166265307,
      20.04066111315249,
      13.94834181297432,
      8.274692973253163,
      23.446610399483912,
      16.095050666259322,
      6.597413924872749,
      6.430272798398415,
      7.719826080416292,
      6.884700300309618,
      1.8555571819787515,
      11.136019351927105,
      0.0,
      1.8594954892245321,
      6.531756480948288,
      6.846973862708396,
      7.769887135327418,
      5.867457353778283
    ],
    [
      3.8235393367392994,
      6.645664654036895,
      27.67568405391804,
      18.732395418036347,
      13.735373044391716,
      6.614450604629261,
      22.91460226898115,
      14.775225423644013,
      6.139262102616642,
      6.499140297742208,
      6.62952539991722,
      6.946528037131019,
      2.892376752436787,
      12.095999007980543,
      1.8594954892245321,
      0.0,
      5.768651664886874,
      6.359082728499049,
      7.375750032338092,
      5.803352185223679
    ],
    [
      5.288441991028783,
      2.092548385077972,
      29.032891030049846,
      19.335179481517525,
      18.113644014391678,
      9.82881867818085,
      26.00360298108386,
      15.39186989107798,
      5.2787159096812495,
      10.946447360047179,
      3.788295513683356,
      4.604576340533586,
      4.783852746675887,
      13.551656173567544,
      6.531756480948288,
      5.768651664886874,
      0.0,
      8.163801037376798,
      11.675543788140407,
      11.26114678365332
    ],
    [
      7.254609867714866,
      9.099746590726017,
      28.806724671339406,
      21.801034434829017,
      18.197824465329585,
      10.698792062613851,
      25.728786451186757,
      17.622091055502736,
      3.9417269764112945,
      12.17198453406188,
      9.280650676984248,
      7.479865397659074,
      7.9586162332782955,
      17.651399133863976,
      6.846973862708396,
      6.359082728499049,
      8.163801037376798,
      0.0,
      12.71236088179797,
      8.582706615254965
    ],
    [
      8.393664764382406,
      11.945629455963296,
      27.756453178356217,
      14.979822176343353,
      6.879045710824757,
      4.45070615088764,
      22.989074259162376,
      11.058521256526756,
      12.807852974790372,
      4.788714902764902,
      12.401996549856772,
      14.13933403345796,
      7.712739787445601,
      7.796513025027061,
      7.769887135327418,
      7.375750032338092,
      11.675543788140407,
      12.71236088179797,
      0.0,
      4.219981610241615
    ],
    [
      6.819412017635128,
      12.011019441588125,
      27.592404410952817,
      18.643094203248477,
      10.122205704844294,
      6.616037791984485,
      22.79151334586176,
      14.468321953073762,
      10.174983836589032,
      4.947426058593014,
      12.243707263837972,
      11.44591061421269,
      7.24312386698373,
      9.97529725001286,
      5.867457353778283,
      5.803352185223679,
      11.26114678365332,
      8.582706615254965,
      4.219981610241615,
      0.0
    ]
  ]
}