{
  "case_id": 5,
  "method": "pca",
  "dim": 3,
  "seeds": [
    0,
    1,
    2,
    3,
    4,
    5,
    6,
    7,
    8,
    9,
    10,
    11,
    12,
    13,
    14,
    15,
    16,
    17,
    18,
    19
  ],
  "model_paths": [
    "/mnt/home/tianyuez/landscape-v2/grid_world/models/gridworld_ppo_case_5_seed_0.pt",
    "/mnt/home/tianyuez/landscape-v2/grid_world/models/gridworld_ppo_case_5_seed_1.pt",
    "/mnt/home/tianyuez/landscape-v2/grid_world/models/gridworld_ppo_case_5_seed_2.pt",
    "/mnt/home/tianyuez/landscape-v2/grid_world/models/gridworld_ppo_case_5_seed_3.pt",
    "/mnt/home/tianyuez/landscape-v2/grid_world/models/gridworld_ppo_case_5_seed_4.pt",
    "/mnt/home/tianyuez/landscape-v2/grid_world/models/gridworld_ppo_case_5_seed_5.pt",
    "/mnt/home/tianyuez/landscape-v2/grid_world/models/gridworld_ppo_case_5_seed_6.pt",
    "/mnt/home/tianyuez/landscape-v2/grid_world/models/gridworld_ppo_case_5_seed_7.pt",
    "/mnt/home/tianyuez/landscape-v2/grid_world/models/gridworld_ppo_case_5_seed_8.pt",
    "/mnt/home/tianyuez/landscape-v2/grid_world/models/gridworld_ppo_case_5_seed_9.pt",
    "/mnt/home/tianyuez/landscape-v2/grid_world/models/gridworld_ppo_case_5_seed_10.pt",
    "/mnt/home/tianyuez/landscape-v2/grid_world/models/gridworld_ppo_case_5_seed_11.pt",
    "/mnt/home/tianyuez/landscape-v2/grid_world/models/gridworld_ppo_case_5_seed_12.pt",
    "/mnt/home/tianyuez/landscape-v2/grid_world/models/gridworld_ppo_case_5_seed_13.pt",
    "/mnt/home/tianyuez/landscape-v2/grid_world/models/gridworld_ppo_case_5_seed_14.pt",
    "/mnt/home/tianyuez/landscape-v2/grid_world/models/gridworld_ppo_case_5_seed_15.pt",
    "/mnt/home/tianyuez/landscape-v2/grid_world/models/gridworld_ppo_case_5_seed_16.pt",
    "/mnt/home/tianyuez/landscape-v2/grid_world/models/gridworld_ppo_case_5_seed_17.pt",
    "/mnt/home/tianyuez/landscape-v2/grid_world/models/gridworld_ppo_case_5_seed_18.pt",
    "/mnt/home/tianyuez/landscape-v2/grid_world/models/gridworld_ppo_case_5_seed_19.pt"
  ],
  "distance_norm": "l1",
  "distance_matrix": [
    [
      0.0,
      3.5565818622511567,
      25.4122246512933,
      14.92029905308709,
      13.69084358278047,
      5.811070261156216,
      22.03318971238719,
      10.458827435045645,
      4.519123152608559,
      7.164368390864781,
      4.632603019813704,
      4.939920648335897,
      3.5503282921784955,
      11.186141611809283,
      3.5439103071399223,
      2.5552855763511624,
      2.591699256568281,
      5.319041355908421,
      7.747754414996089,
      5.840858394210987
    ],
    [
      3.5565818622511567,
      0.0,
      28.968806513544454,
      15.150026463549864,
      16.090545561949195,
      8.21077224032494,
      25.58977157463835,
      11.940445107851437,
      4.289395742145786,
      9.564070370033507,
      1.29027132607815,
      2.667408834549242,
      4.8372960855192595,
      13.585843590978008,
      5.795137903839179,
      5.044151015228854,
      1.472707714354838,
      5.750209000019682,
      10.147456394164815,
      9.397440256462144
    ],
    [
      25.4122246512933,
      28.968806513544454,
      0.0,
      25.250084880902378,
      28.20246706250719,
      26.369793476015868,
      4.674708761069746,
      22.88624156984632,
      25.606805435737012,
      28.853529366652673,
      30.044827671107,
      28.298044437529843,
      28.25690374877399,
      31.78161121278872,
      27.557948418288234,
      26.886112210163056,
      28.003923907861576,
      26.148259914521173,
      26.445915269514323,
      25.545044443332216
    ],
    [
      14.92029905308709,
      15.150026463549864,
      25.250084880902378,
      0.0,
      15.795361550992398,
      11.70992660145378,
      21.871049941996276,
      4.461471618041443,
      19.43942220569565,
      17.901110080972476,
      14.601879148338721,
      17.817435298099106,
      17.73909067172213,
      18.16913160089915,
      18.464209360227013,
      17.475584629438252,
      16.6227341779047,
      20.239340408995513,
      14.014808230357168,
      17.221109187755836
    ],
    [
      13.69084358278047,
      16.090545561949195,
      28.20246706250719,
      15.795361550992398,
      0.0,
      10.13253468467155,
      23.527758301437448,
      11.333889932950953,
      17.762781265206925,
      6.526475191915689,
      17.380816888027347,
      18.63076423111637,
      11.678592685968914,
      3.710076071345968,
      12.14482488663963,
      12.579023252586378,
      15.502216418782275,
      16.90147196284954,
      5.967090695426745,
      9.31232633650151
    ],
    [
      5.811070261156216,
      8.21077224032494,
      26.369793476015868,
      11.70992660145378,
      10.13253468467155,
      0.0,
      21.695084714946123,
      7.248454983412337,
      9.883007943582669,
      6.1911834795186955,
      9.501043566403089,
      10.750990909492112,
      6.02916407026835,
      6.459204999445366,
      6.754282758773233,
      5.765658027984473,
      7.622443097158021,
      9.021698641225287,
      4.165443989244804,
      5.511182586302057
    ],
    [
      22.03318971238719,
      25.58977157463835,
      4.674708761069746,
      21.871049941996276,
      23.527758301437448,
      21.695084714946123,
      0.0,
      19.50720663094021,
      24.251811567552036,
      24.178820605582928,
      26.665792732200895,
      25.11979453346148,
      23.582194987704245,
      27.10690245171898,
      22.88323965721849,
      22.211403449093304,
      24.624888968955474,
      23.49759222417256,
      21.77120650844458,
      20.870335682262468
    ],
    [
      10.458827435045645,
      11.940445107851437,
      22.88624156984632,
      4.461471618041443,
      11.333889932950953,
      7.248454983412337,
      19.50720663094021,
      0.0,
      14.977950587654206,
      13.439638462931033,
      13.230716433929588,
      14.48066377701861,
      13.277619053680686,
      13.707659982857702,
      14.00273774218557,
      13.014113011396809,
      12.161262559863257,
      15.777868790954066,
      9.553336612315722,
      12.759637569714396
    ],
    [
      4.519123152608559,
      4.289395742145786,
      25.606805435737012,
      19.43942220569565,
      17.762781265206925,
      9.883007943582669,
      24.251811567552036,
      14.977950587654206,
      0.0,
      11.236306073291235,
      4.8375430573569265,
      2.6956471961452246,
      6.084188579238013,
      15.258079294235738,
      5.617956378567296,
      5.183758012620547,
      2.8166880277909483,
      2.383799727859845,
      11.819692097422543,
      8.450454928705415
    ],
    [
      7.164368390864781,
      9.564070370033507,
      28.853529366652673,
      17.901110080972476,
      6.526475191915689,
      6.1911834795186955,
      24.178820605582928,
      13.439638462931033,
      11.236306073291235,
      0.0,
      10.854341696111655,
      12.104289039200678,
      5.152117494053223,
      4.021773220944502,
      5.618349694723939,
      6.052548060670688,
      8.975741226866587,
      10.374996770933851,
      3.886301850615311,
      3.3084849233204627
    ],
    [
      4.632603019813704,
      1.29027132607815,
      30.044827671107,
      14.601879148338721,
      17.380816888027347,
      9.501043566403089,
      26.665792732200895,
      13.230716433929588,
      4.8375430573569265,
      10.854341696111655,
      0.0,
      3.215556149760383,
      5.9133172430818055,
      14.876114917056158,
      6.871159061401725,
      6.120172172791401,
      2.040903763245422,
      6.826230157582229,
      11.437727720242965,
      10.47346141402469
    ],
    [
      4.939920648335897,
      2.667408834549242,
      28.298044437529843,
      17.817435298099106,
      18.63076423111637,
      10.750990909492112,
      25.11979453346148,
      14.48066377701861,
      2.6956471961452246,
      12.104289039200678,
      3.215556149760383,
      0.0,
      6.952171545147455,
      16.12606226014518,
      6.485939344476739,
      6.051740978529988,
      3.128547812334091,
      5.07944692400507,
      12.687675063331984,
      9.318437894614856
    ],
    [
      3.5503282921784955,
      4.8372960855192595,
      28.25690374877399,
      17.73909067172213,
      11.678592685968914,
      6.02916407026835,
      23.582194987704245,
      13.277619053680686,
      6.084188579238013,
      5.152117494053223,
      5.9133172430818055,
      6.952171545147455,
      0.0,
      9.173890714997727,
      0.9578418183199198,
      1.3707915386109386,
      3.8724134798363834,
      5.222879276880629,
      5.735503518184531,
      4.560144170942886
    ],
    [
      11.186141611809283,
      13.585843590978008,
      31.78161121278872,
      18.16913160089915,
      3.710076071345968,
      6.459204999445366,
      27.10690245171898,
      13.707659982857702,
      15.258079294235738,
      4.021773220944502,
      14.876114917056158,
      16.12606226014518,
      9.173890714997727,
      0.0,
      9.640122915668442,
      10.074321281615191,
      12.997514447811088,
      14.396769991878354,
      5.3356959432744,
      6.807624365530323
    ],
    [
      3.5439103071399223,
      5.795137903839179,
      27.557948418288234,
      18.464209360227013,
      12.14482488663963,
      6.754282758773233,
      22.88323965721849,
      14.00273774218557,
      5.617956378567296,
      5.618349694723939,
      6.871159061401725,
      6.485939344476739,
      0.9578418183199198,
      9.640122915668442,
      0.0,
      0.9886247307887602,
      4.830255298156303,
      4.756647076209912,
      6.2017357188552475,
      3.6023023526229663
    ],
    [
      2.5552855763511624,
      5.044151015228854,
      26.886112210163056,
      17.475584629438252,
      12.579023252586378,
      5.765658027984473,
      22.211403449093304,
      13.014113011396809,
      5.183758012620547,
      6.052548060670688,
      6.120172172791401,
      6.051740978529988,
      1.3707915386109386,
      10.074321281615191,
      0.9886247307887602,
      0.0,
      4.079268409545978,
      4.3224487102631635,
      6.635934084801997,
      4.35328924123329
    ],
    [
      2.591699256568281,
      1.472707714354838,
      28.003923907861576,
      16.6227341779047,
      15.502216418782275,
      7.622443097158021,
      24.624888968955474,
      12.161262559863257,
      2.8166880277909483,
      8.975741226866587,
      2.040903763245422,
      3.128547812334091,
      3.8724134798363834,
      12.997514447811088,
      4.830255298156303,
      4.079268409545978,
      0.0,
      4.785326394336807,
      9.559127250997895,
      8.43255765077927
    ],
    [
      5.319041355908421,
      5.750209000019682,
      26.148259914521173,
      20.239340408995513,
      16.90147196284954,
      9.021698641225287,
      23.49759222417256,
      15.777868790954066,
      2.383799727859845,
      10.374996770933851,
      6.826230157582229,
      5.07944692400507,
      5.222879276880629,
      14.396769991878354,
      4.756647076209912,
      4.3224487102631635,
      4.785326394336807,
      0.0,
      10.958382795065159,
      7.5891456263480315
    ],
    [
      7.747754414996089,
      10.147456394164815,
      26.445915269514323,
      14.014808230357168,
      5.967090695426745,
      4.165443989244804,
      21.77120650844458,
      9.553336612315722,
      11.819692097422543,
      3.886301850615311,
      11.437727720242965,
      12.687675063331984,
      5.735503518184531,
      5.3356959432744,
      6.2017357188552475,
      6.635934084801997,
      9.559127250997895,
      10.958382795065159,
      0.0,
      3.369237168717129
    ],
    [
      5.840858394210987,
      9.397440256462144,
      25.545044443332216,
      17.221109187755836,
      9.31232633650151,
      5.511182586302057,
      20.870335682262468,
      12.759637569714396,
      8.450454928705415,
      3.3084849233204627,
      10.47346141402469,
      9.318437894614856,
      4.560144170942886,
      6.807624365530323,
      3.6023023526229663,
      4.35328924123329,
      8.43255765077927,
      7.5891456263480315,
      3.369237168717129,
      0.0
    ]
  ]
}