{
  "case_id": 2,
  "method": "pca",
  "dim": 2,
  "seeds": [
    0,
    1,
    2,
    3,
    4,
    5,
    6,
    7,
    8,
    9
  ],
  "model_paths": [
    "/mnt/home/tianyuez/landscape-v2/grid_world/models/gridworld_ppo_case_2_seed_0.pt",
    "/mnt/home/tianyuez/landscape-v2/grid_world/models/gridworld_ppo_case_2_seed_1.pt",
    "/mnt/home/tianyuez/landscape-v2/grid_world/models/gridworld_ppo_case_2_seed_2.pt",
    "/mnt/home/tianyuez/landscape-v2/grid_world/models/gridworld_ppo_case_2_seed_3.pt",
    "/mnt/home/tianyuez/landscape-v2/grid_world/models/gridworld_ppo_case_2_seed_4.pt",
    "/mnt/home/tianyuez/landscape-v2/grid_world/models/gridworld_ppo_case_2_seed_5.pt",
    "/mnt/home/tianyuez/landscape-v2/grid_world/models/gridworld_ppo_case_2_seed_6.pt",
    "/mnt/home/tianyuez/landscape-v2/grid_world/models/gridworld_ppo_case_2_seed_7.pt",
    "/mnt/home/tianyuez/landscape-v2/grid_world/models/gridworld_ppo_case_2_seed_8.pt",
    "/mnt/home/tianyuez/landscape-v2/grid_world/models/gridworld_ppo_case_2_seed_9.pt"
  ],
  "distance_norm": "l1",
  "distance_matrix": [
    [
      0.0,
      4.711735427379608,
      11.63709169626236,
      31.8807675242424,
      1.249657928943634,
      4.054079353809357,
      31.85198813676834,
      17.183867514133453,
      13.616460263729095,
      31.832596600055695
    ],
    [
      4.711735427379608,
      0.0,
      16.348827123641968,
      29.829163551330566,
      3.877216339111328,
      8.765814781188965,
      32.20092236995697,
      21.89560294151306,
      8.904724836349487,
      31.844486117362976
    ],
    [
      11.63709169626236,
      16.348827123641968,
      0.0,
      29.713250875473022,
      12.840656042098999,
      7.583012342453003,
      29.684471487998962,
      6.274264335632324,
      25.253551959991455,
      29.665079951286316
    ],
    [
      31.8807675242424,
      29.829163551330566,
      29.713250875473022,
      0.0,
      33.130425453186035,
      32.56965446472168,
      2.371758818626404,
      23.4389865398407,
      38.733888387680054,
      2.0153225660324097
    ],
    [
      1.249657928943634,
      3.877216339111328,
      12.840656042098999,
      33.130425453186035,
      0.0,
      5.257643699645996,
      33.101646065711975,
      18.387431859970093,
      12.412895917892456,
      33.08225452899933
    ],
    [
      4.054079353809357,
      8.765814781188965,
      7.583012342453003,
      32.56965446472168,
      5.257643699645996,
      0.0,
      32.54087507724762,
      13.129788160324097,
      17.670539617538452,
      32.52148354053497
    ],
    [
      31.85198813676834,
      32.20092236995697,
      29.684471487998962,
      2.371758818626404,
      33.101646065711975,
      32.54087507724762,
      0.0,
      23.410207152366638,
      41.10564720630646,
      0.35643625259399414
    ],
    [
      17.183867514133453,
      21.89560294151306,
      6.274264335632324,
      23.4389865398407,
      18.387431859970093,
      13.129788160324097,
      23.410207152366638,
      0.0,
      30.80032777786255,
      23.39081561565399
    ],
    [
      13.616460263729095,
      8.904724836349487,
      25.253551959991455,
      38.733888387680054,
      12.412895917892456,
      17.670539617538452,
      41.10564720630646,
      30.80032777786255,
      0.0,
      40.74921095371246
    ],
    [
      31.832596600055695,
      31.844486117362976,
      29.665079951286316,
      2.0153225660324097,
      33.08225452899933,
      32.52148354053497,
      0.35643625259399414,
      23.39081561565399,
      40.74921095371246,
      0.0
    ]
  ]
}