{
  "case_id": 1,
  "method": "pca",
  "dim": 3,
  "seeds": [
    0,
    1,
    2,
    3,
    4,
    5,
    6,
    7,
    8,
    9
  ],
  "model_paths": [
    "/mnt/home/tianyuez/landscape-v2/grid_world/models/gridworld_ppo_case_1_seed_0.pt",
    "/mnt/home/tianyuez/landscape-v2/grid_world/models/gridworld_ppo_case_1_seed_1.pt",
    "/mnt/home/tianyuez/landscape-v2/grid_world/models/gridworld_ppo_case_1_seed_2.pt",
    "/mnt/home/tianyuez/landscape-v2/grid_world/models/gridworld_ppo_case_1_seed_3.pt",
    "/mnt/home/tianyuez/landscape-v2/grid_world/models/gridworld_ppo_case_1_seed_4.pt",
    "/mnt/home/tianyuez/landscape-v2/grid_world/models/gridworld_ppo_case_1_seed_5.pt",
    "/mnt/home/tianyuez/landscape-v2/grid_world/models/gridworld_ppo_case_1_seed_6.pt",
    "/mnt/home/tianyuez/landscape-v2/grid_world/models/gridworld_ppo_case_1_seed_7.pt",
    "/mnt/home/tianyuez/landscape-v2/grid_world/models/gridworld_ppo_case_1_seed_8.pt",
    "/mnt/home/tianyuez/landscape-v2/grid_world/models/gridworld_ppo_case_1_seed_9.pt"
  ],
  "distance_norm": "l1",
  "distance_matrix": [
    [
      0.0,
      32.795937083661556,
      1.038125403225422,
      0.012273058295249939,
      0.0016636624932289124,
      32.36613957583904,
      0.12535059824585915,
      33.2916949018836,
      0.10247422009706497,
      0.008853644132614136
    ],
    [
      32.795937083661556,
      0.0,
      33.12967184185982,
      32.7953777089715,
      32.79741612076759,
      0.6891702190041542,
      32.767068181186914,
      1.9383323639631271,
      32.77505715936422,
      32.7951645180583
    ],
    [
      1.038125403225422,
      33.12967184185982,
      0.0,
      1.025852344930172,
      1.036461740732193,
      33.2614441588521,
      0.9127748049795628,
      33.3571932464838,
      0.9356511831283569,
      1.0292717590928078
    ],
    [
      0.012273058295249939,
      32.7953777089715,
      1.025852344930172,
      0.0,
      0.010609395802021027,
      32.36558020114899,
      0.11307753995060921,
      33.29025537520647,
      0.09020116180181503,
      0.004508510231971741
    ],
    [
      0.0016636624932289124,
      32.79741612076759,
      1.036461740732193,
      0.010609395802021027,
      0.0,
      32.36761861294508,
      0.12368693575263023,
      33.2902063280344,
      0.10081055760383606,
      0.007189981639385223
    ],
    [
      32.36613957583904,
      0.6891702190041542,
      33.2614441588521,
      32.36558020114899,
      32.36761861294508,
      0.0,
      32.37676269188523,
      1.249162144958973,
      32.387188620865345,
      32.365367010235786
    ],
    [
      0.12535059824585915,
      32.767068181186914,
      0.9127748049795628,
      0.11307753995060921,
      0.12368693575263023,
      32.37676269188523,
      0.0,
      33.276992332190275,
      0.025313328951597214,
      0.11649695411324501
    ],
    [
      33.2916949018836,
      1.9383323639631271,
      33.3571932464838,
      33.29025537520647,
      33.2902063280344,
      1.249162144958973,
      33.276992332190275,
      0.0,
      33.30230566114187,
      33.289379470050335
    ],
    [
      0.10247422009706497,
      32.77505715936422,
      0.9356511831283569,
      0.09020116180181503,
      0.10081055760383606,
      32.387188620865345,
      0.025313328951597214,
      33.30230566114187,
      0.0,
      0.09362057596445084
    ],
    [
      0.008853644132614136,
      32.7951645180583,
      1.0292717590928078,
      0.004508510231971741,
      0.007189981639385223,
      32.365367010235786,
      0.11649695411324501,
      33.289379470050335,
      0.09362057596445084,
      0.0
    ]
  ]
}