{
  "case_id": 4,
  "method": "pca",
  "dim": 3,
  "seeds": [
    0,
    1,
    2,
    3,
    4,
    5,
    6,
    7,
    8,
    9,
    10,
    11,
    12,
    13,
    14,
    15,
    16,
    17,
    18,
    19
  ],
  "model_paths": [
    "/mnt/home/tianyuez/landscape-v2/grid_world/models/gridworld_ppo_case_4_seed_0.pt",
    "/mnt/home/tianyuez/landscape-v2/grid_world/models/gridworld_ppo_case_4_seed_1.pt",
    "/mnt/home/tianyuez/landscape-v2/grid_world/models/gridworld_ppo_case_4_seed_2.pt",
    "/mnt/home/tianyuez/landscape-v2/grid_world/models/gridworld_ppo_case_4_seed_3.pt",
    "/mnt/home/tianyuez/landscape-v2/grid_world/models/gridworld_ppo_case_4_seed_4.pt",
    "/mnt/home/tianyuez/landscape-v2/grid_world/models/gridworld_ppo_case_4_seed_5.pt",
    "/mnt/home/tianyuez/landscape-v2/grid_world/models/gridworld_ppo_case_4_seed_6.pt",
    "/mnt/home/tianyuez/landscape-v2/grid_world/models/gridworld_ppo_case_4_seed_7.pt",
    "/mnt/home/tianyuez/landscape-v2/grid_world/models/gridworld_ppo_case_4_seed_8.pt",
    "/mnt/home/tianyuez/landscape-v2/grid_world/models/gridworld_ppo_case_4_seed_9.pt",
    "/mnt/home/tianyuez/landscape-v2/grid_world/models/gridworld_ppo_case_4_seed_10.pt",
    "/mnt/home/tianyuez/landscape-v2/grid_world/models/gridworld_ppo_case_4_seed_11.pt",
    "/mnt/home/tianyuez/landscape-v2/grid_world/models/gridworld_ppo_case_4_seed_12.pt",
    "/mnt/home/tianyuez/landscape-v2/grid_world/models/gridworld_ppo_case_4_seed_13.pt",
    "/mnt/home/tianyuez/landscape-v2/grid_world/models/gridworld_ppo_case_4_seed_14.pt",
    "/mnt/home/tianyuez/landscape-v2/grid_world/models/gridworld_ppo_case_4_seed_15.pt",
    "/mnt/home/tianyuez/landscape-v2/grid_world/models/gridworld_ppo_case_4_seed_16.pt",
    "/mnt/home/tianyuez/landscape-v2/grid_world/models/gridworld_ppo_case_4_seed_17.pt",
    "/mnt/home/tianyuez/landscape-v2/grid_world/models/gridworld_ppo_case_4_seed_18.pt",
    "/mnt/home/tianyuez/landscape-v2/grid_world/models/gridworld_ppo_case_4_seed_19.pt"
  ],
  "distance_norm": "l1",
  "distance_matrix": [
    [
      0.0,
      38.47835376314158,
      35.97554855989101,
      27.52373856029546,
      31.960861045469105,
      25.371500453668887,
      1.6415688707781704,
      47.99953299847279,
      10.126709860164166,
      30.996281965720357,
      2.884367253580776,
      44.00690820469251,
      16.976462891995837,
      29.9491376535429,
      35.250525553599665,
      29.044205880996586,
      33.11960169132887,
      51.27804679430692,
      0.598070679061415,
      26.060321846848645
    ],
    [
      38.47835376314158,
      0.0,
      50.97596442755632,
      29.316147369763733,
      23.853423801541275,
      28.15696919635524,
      40.11992263391975,
      14.828741526862977,
      35.70641767038965,
      26.972527471172878,
      37.63141999001145,
      5.5285544415509245,
      32.48320192369157,
      33.77109854739626,
      11.218711623884818,
      27.353418192142456,
      48.12001755899418,
      18.107255322697103,
      38.124394499633425,
      27.75509058866985
    ],
    [
      35.97554855989101,
      50.97596442755632,
      0.0,
      50.484582477996476,
      55.28530933420993,
      49.23474568694351,
      34.35470944432694,
      44.61933520245395,
      35.86350945071048,
      54.18503673080498,
      38.85991581347178,
      52.55354717216048,
      18.99908566789517,
      51.62810378917282,
      41.178026271602725,
      51.95531167081428,
      2.8559468685621408,
      41.32614318286735,
      36.57361923895242,
      46.47478077551471
    ],
    [
      27.52373856029546,
      29.316147369763733,
      50.484582477996476,
      0.0,
      5.462723568222456,
      2.152238106626572,
      27.94218224216656,
      35.37938382102125,
      37.650448420459625,
      3.700454252808506,
      25.073149182919984,
      34.84470181131465,
      36.002609885853374,
      4.454951177632526,
      18.09743574587891,
      2.012467305504591,
      47.62863560943433,
      34.12601269475959,
      27.08335188826795,
      4.009801702481766
    ],
    [
      31.960861045469105,
      23.853423801541275,
      55.28530933420993,
      5.462723568222456,
      0.0,
      6.5893605918002205,
      32.37930472734021,
      29.9166602527988,
      42.08757090563327,
      3.119103669631607,
      29.51027166809363,
      29.3819782430922,
      40.43973237102702,
      9.917674745854981,
      18.76749991941448,
      3.4999943906011834,
      52.429362465647785,
      28.663289126537133,
      31.520474373441598,
      8.810528558695216
    ],
    [
      25.371500453668887,
      28.15696919635524,
      49.23474568694351,
      2.152238106626572,
      6.5893605918002205,
      0.0,
      25.789944135539987,
      34.220205647612765,
      35.49821031383305,
      5.6247815120514755,
      22.920911076293407,
      33.685523637906165,
      33.850371779226805,
      5.614129351041015,
      16.938257572470423,
      3.6727054273276996,
      46.37879881838136,
      32.966834521351096,
      24.931113781641375,
      3.6266339534459178
    ],
    [
      1.6415688707781704,
      40.11992263391975,
      34.35470944432694,
      27.94218224216656,
      32.37930472734021,
      25.789944135539987,
      0.0,
      48.43870643555799,
      9.708266178293064,
      31.414725647591464,
      4.505206369144844,
      45.64847707547068,
      15.355623776431768,
      30.367581335414002,
      35.689698990684875,
      29.462649562867686,
      31.498762575764797,
      51.71722023139212,
      2.218909794625483,
      26.49949528393385
    ],
    [
      47.99953299847279,
      14.828741526862977,
      44.61933520245395,
      35.37938382102125,
      29.9166602527988,
      34.220205647612765,
      48.43870643555799,
      0.0,
      50.53515919725263,
      33.035763922430405,
      47.58637710154796,
      9.870643850418773,
      38.5464383749491,
      39.83433499865378,
      17.281948075142346,
      33.41665464339999,
      41.763388333891804,
      3.2931920195865896,
      47.803257741998536,
      33.818327039927375
    ],
    [
      10.126709860164166,
      35.70641767038965,
      35.86350945071048,
      37.650448420459625,
      42.08757090563327,
      35.49821031383305,
      9.708266178293064,
      50.53515919725263,
      0.0,
      41.122991825884526,
      12.577299237539641,
      40.66451534683385,
      17.028369604667773,
      40.07584751370707,
      37.78615175237951,
      39.170915741160755,
      33.00756258214834,
      53.813672993086755,
      10.567096532191677,
      35.96300074816479
    ],
    [
      30.996281965720357,
      26.972527471172878,
      54.18503673080498,
      3.700454252808506,
      3.119103669631607,
      5.6247815120514755,
      31.414725647591464,
      33.035763922430405,
      41.122991825884526,
      0.0,
      28.545692588344888,
      32.501081912723805,
      39.47515329127828,
      6.798571076223375,
      17.802920839665738,
      2.229725059990697,
      51.32908986224284,
      31.78239279616874,
      30.55589529369285,
      7.710255955290272
    ],
    [
      2.884367253580776,
      37.63141999001145,
      38.85991581347178,
      25.073149182919984,
      29.51027166809363,
      22.920911076293407,
      4.505206369144844,
      47.58637710154796,
      12.577299237539641,
      28.545692588344888,
      0.0,
      43.159974431562375,
      19.860830145576614,
      27.498548276167426,
      34.83736965667484,
      26.59361650362111,
      36.00396894490964,
      50.86489089738208,
      2.286296574519361,
      25.647165949923814
    ],
    [
      44.00690820469251,
      5.5285544415509245,
      52.55354717216048,
      34.84470181131465,
      29.3819782430922,
      33.685523637906165,
      45.64847707547068,
      9.870643850418773,
      40.66451534683385,
      32.501081912723805,
      43.159974431562375,
      0.0,
      38.01175636524249,
      39.29965298894718,
      16.747266065435742,
      32.88197263369338,
      49.69760030359833,
      13.149157646252899,
      43.65294894118434,
      33.283645030220775
    ],
    [
      16.976462891995837,
      32.48320192369157,
      18.99908566789517,
      36.002609885853374,
      40.43973237102702,
      33.850371779226805,
      15.355623776431768,
      38.5464383749491,
      17.028369604667773,
      39.47515329127828,
      19.860830145576614,
      38.01175636524249,
      0.0,
      38.42800897910082,
      22.178940603707563,
      37.523077206554504,
      16.14313879933303,
      37.29306724868742,
      17.574533571057252,
      34.31516221355854
    ],
    [
      29.9491376535429,
      33.77109854739626,
      51.62810378917282,
      4.454951177632526,
      9.917674745854981,
      5.614129351041015,
      30.367581335414002,
      39.83433499865378,
      40.07584751370707,
      6.798571076223375,
      27.498548276167426,
      39.29965298894718,
      38.42800897910082,
      0.0,
      22.55238692351144,
      6.417680355253799,
      48.77215692061067,
      38.58096387239212,
      29.50875098151539,
      7.056484206842226
    ],
    [
      35.250525553599665,
      11.218711623884818,
      41.178026271602725,
      18.09743574587891,
      18.76749991941448,
      16.938257572470423,
      35.689698990684875,
      17.281948075142346,
      37.78615175237951,
      17.802920839665738,
      34.83736965667484,
      16.747266065435742,
      22.178940603707563,
      22.55238692351144,
      0.0,
      16.134706568257638,
      38.32207940304059,
      16.028576948880676,
      35.05425029712541,
      16.536378964785037
    ],
    [
      29.044205880996586,
      27.353418192142456,
      51.95531167081428,
      2.012467305504591,
      3.4999943906011834,
      3.6727054273276996,
      29.462649562867686,
      33.41665464339999,
      39.170915741160755,
      2.229725059990697,
      26.59361650362111,
      32.88197263369338,
      37.523077206554504,
      6.417680355253799,
      16.134706568257638,
      0.0,
      49.09936480225214,
      32.16328351713832,
      28.603819208969075,
      5.480530895299575
    ],
    [
      33.11960169132887,
      48.12001755899418,
      2.8559468685621408,
      47.62863560943433,
      52.429362465647785,
      46.37879881838136,
      31.498762575764797,
      41.763388333891804,
      33.00756258214834,
      51.32908986224284,
      36.00396894490964,
      49.69760030359833,
      16.14313879933303,
      48.77215692061067,
      38.32207940304059,
      49.09936480225214,
      0.0,
      38.841979276980595,
      33.71767237039028,
      43.618833906952574
    ],
    [
      51.27804679430692,
      18.107255322697103,
      41.32614318286735,
      34.12601269475959,
      28.663289126537133,
      32.966834521351096,
      51.71722023139212,
      3.2931920195865896,
      53.813672993086755,
      31.78239279616874,
      50.86489089738208,
      13.149157646252899,
      37.29306724868742,
      38.58096387239212,
      16.028576948880676,
      32.16328351713832,
      38.841979276980595,
      0.0,
      51.08177153783265,
      32.56495591366571
    ],
    [
      0.598070679061415,
      38.124394499633425,
      36.57361923895242,
      27.08335188826795,
      31.520474373441598,
      24.931113781641375,
      2.218909794625483,
      47.803257741998536,
      10.567096532191677,
      30.55589529369285,
      2.286296574519361,
      43.65294894118434,
      17.574533571057252,
      29.50875098151539,
      35.05425029712541,
      28.603819208969075,
      33.71767237039028,
      51.08177153783265,
      0.0,
      25.864046590374386
    ],
    [
      26.060321846848645,
      27.75509058866985,
      46.47478077551471,
      4.009801702481766,
      8.810528558695216,
      3.6266339534459178,
      26.49949528393385,
      33.818327039927375,
      35.96300074816479,
      7.710255955290272,
      25.647165949923814,
      33.283645030220775,
      34.31516221355854,
      7.056484206842226,
      16.536378964785037,
      5.480530895299575,
      43.618833906952574,
      32.56495591366571,
      25.864046590374386,
      0.0
    ]
  ]
}