{
  "case_id": 1,
  "method": "pca",
  "dim": 6,
  "seeds": [
    0,
    1,
    2,
    3,
    4,
    5,
    6,
    7,
    8,
    9
  ],
  "model_paths": [
    "/mnt/home/tianyuez/landscape-v2/grid_world/models/gridworld_ppo_case_1_seed_0.pt",
    "/mnt/home/tianyuez/landscape-v2/grid_world/models/gridworld_ppo_case_1_seed_1.pt",
    "/mnt/home/tianyuez/landscape-v2/grid_world/models/gridworld_ppo_case_1_seed_2.pt",
    "/mnt/home/tianyuez/landscape-v2/grid_world/models/gridworld_ppo_case_1_seed_3.pt",
    "/mnt/home/tianyuez/landscape-v2/grid_world/models/gridworld_ppo_case_1_seed_4.pt",
    "/mnt/home/tianyuez/landscape-v2/grid_world/models/gridworld_ppo_case_1_seed_5.pt",
    "/mnt/home/tianyuez/landscape-v2/grid_world/models/gridworld_ppo_case_1_seed_6.pt",
    "/mnt/home/tianyuez/landscape-v2/grid_world/models/gridworld_ppo_case_1_seed_7.pt",
    "/mnt/home/tianyuez/landscape-v2/grid_world/models/gridworld_ppo_case_1_seed_8.pt",
    "/mnt/home/tianyuez/landscape-v2/grid_world/models/gridworld_ppo_case_1_seed_9.pt"
  ],
  "distance_matrix": [
    [
      0.0,
      32.07950938128412,
      0.7230840728842727,
      0.00825597666660311,
      0.0017519202657968504,
      32.20682057311866,
      0.08428369411476111,
      32.48363324253525,
      0.0729299988625407,
      0.00780736080935017
    ],
    [
      32.07950938128412,
      0.0,
      32.05286836227321,
      32.07853182586264,
      32.07952353947128,
      0.726349526049901,
      32.05784896492116,
      1.2892856727697735,
      32.07448473125505,
      32.07797557153148
    ],
    [
      0.7230840728842727,
      32.05286836227321,
      0.0,
      0.715198984236545,
      0.7220934550034069,
      32.178856087844046,
      0.6517928233057838,
      32.44678334320341,
      0.6527779628622787,
      0.7182012159098955
    ],
    [
      0.00825597666660311,
      32.07853182586264,
      0.715198984236545,
      0.0,
      0.007380158502235153,
      32.20583324832298,
      0.07716673421771948,
      32.482508052467324,
      0.06490877557126869,
      0.007487082723580647
    ],
    [
      0.0017519202657968504,
      32.07952353947128,
      0.7220934550034069,
      0.007380158502235153,
      0.0,
      32.206827567632835,
      0.08346454068276765,
      32.483593138677264,
      0.07220862114749138,
      0.006952663876331874
    ],
    [
      32.20682057311866,
      0.726349526049901,
      32.178856087844046,
      32.20583324832298,
      32.206827567632835,
      0.0,
      32.18531997370351,
      1.0463103205567883,
      32.20174381122485,
      32.20530242784018
    ],
    [
      0.08428369411476111,
      32.05784896492116,
      0.6517928233057838,
      0.07716673421771948,
      0.08346454068276765,
      32.18531997370351,
      0.0,
      32.46091068941923,
      0.043509097828408304,
      0.077771242198138
    ],
    [
      32.48363324253525,
      1.2892856727697735,
      32.44678334320341,
      32.482508052467324,
      32.483593138677264,
      1.0463103205567883,
      32.46091068941923,
      0.0,
      32.47777180763359,
      32.48199724449004
    ],
    [
      0.0729299988625407,
      32.07448473125505,
      0.6527779628622787,
      0.06490877557126869,
      0.07220862114749138,
      32.20174381122485,
      0.043509097828408304,
      32.47777180763359,
      0.0,
      0.06923170562612929
    ],
    [
      0.00780736080935017,
      32.07797557153148,
      0.7182012159098955,
      0.007487082723580647,
      0.006952663876331874,
      32.20530242784018,
      0.077771242198138,
      32.48199724449004,
      0.06923170562612929,
      0.0
    ]
  ]
}