{
  "case_id": 2,
  "method": "pca",
  "dim": 6,
  "seeds": [
    0,
    1,
    2,
    3,
    4,
    5,
    6,
    7,
    8,
    9
  ],
  "model_paths": [
    "/mnt/home/tianyuez/landscape-v2/grid_world/models/gridworld_ppo_case_2_seed_0.pt",
    "/mnt/home/tianyuez/landscape-v2/grid_world/models/gridworld_ppo_case_2_seed_1.pt",
    "/mnt/home/tianyuez/landscape-v2/grid_world/models/gridworld_ppo_case_2_seed_2.pt",
    "/mnt/home/tianyuez/landscape-v2/grid_world/models/gridworld_ppo_case_2_seed_3.pt",
    "/mnt/home/tianyuez/landscape-v2/grid_world/models/gridworld_ppo_case_2_seed_4.pt",
    "/mnt/home/tianyuez/landscape-v2/grid_world/models/gridworld_ppo_case_2_seed_5.pt",
    "/mnt/home/tianyuez/landscape-v2/grid_world/models/gridworld_ppo_case_2_seed_6.pt",
    "/mnt/home/tianyuez/landscape-v2/grid_world/models/gridworld_ppo_case_2_seed_7.pt",
    "/mnt/home/tianyuez/landscape-v2/grid_world/models/gridworld_ppo_case_2_seed_8.pt",
    "/mnt/home/tianyuez/landscape-v2/grid_world/models/gridworld_ppo_case_2_seed_9.pt"
  ],
  "distance_norm": "l1",
  "distance_matrix": [
    [
      0.0,
      9.965697394683957,
      16.947328463196754,
      35.679862424731255,
      3.1508435364812613,
      6.058724094647914,
      35.26728540472686,
      25.210951142013073,
      19.553674173075706,
      34.99516383325681
    ],
    [
      9.965697394683957,
      0.0,
      17.255295669659972,
      32.862041687592864,
      7.684171590954065,
      12.126193495001644,
      34.606062937527895,
      26.540824519470334,
      10.58077493822202,
      34.111688148695976
    ],
    [
      16.947328463196754,
      17.255295669659972,
      0.0,
      32.70335707068443,
      17.004672477021813,
      11.148796473164111,
      32.36802311055362,
      11.825915358960629,
      27.66212012199685,
      32.22813661908731
    ],
    [
      35.679862424731255,
      32.862041687592864,
      32.70335707068443,
      0.0,
      36.52085397578776,
      35.316684152465314,
      4.354885088279843,
      29.8409970626235,
      42.73742838623002,
      3.6927439370192587
    ],
    [
      3.1508435364812613,
      7.684171590954065,
      17.004672477021813,
      36.52085397578776,
      0.0,
      5.933331941720098,
      35.60614884644747,
      26.387049777433276,
      17.635605776216835,
      35.48159343050793
    ],
    [
      6.058724094647914,
      12.126193495001644,
      11.148796473164111,
      35.316684152465314,
      5.933331941720098,
      0.0,
      34.57249673316255,
      20.81188892154023,
      22.342906691133976,
      34.370485379360616
    ],
    [
      35.26728540472686,
      34.606062937527895,
      32.36802311055362,
      4.354885088279843,
      35.60614884644747,
      34.57249673316255,
      0.0,
      29.939841741696,
      44.74323243787512,
      0.6621411512605846
    ],
    [
      25.210951142013073,
      26.540824519470334,
      11.825915358960629,
      29.8409970626235,
      26.387049777433276,
      20.81188892154023,
      29.939841741696,
      0.0,
      33.94342017592862,
      29.61475388938561
    ],
    [
      19.553674173075706,
      10.58077493822202,
      27.66212012199685,
      42.73742838623002,
      17.635605776216835,
      22.342906691133976,
      44.74323243787512,
      33.94342017592862,
      0.0,
      44.09852628502995
    ],
    [
      34.99516383325681,
      34.111688148695976,
      32.22813661908731,
      3.6927439370192587,
      35.48159343050793,
      34.370485379360616,
      0.6621411512605846,
      29.61475388938561,
      44.09852628502995,
      0.0
    ]
  ]
}