{
  "case_id": 1,
  "method": "pca",
  "dim": 6,
  "seeds": [
    0,
    1,
    2,
    3,
    4,
    5,
    6,
    7,
    8,
    9
  ],
  "model_paths": [
    "/mnt/home/tianyuez/landscape-v2/grid_world/models/gridworld_ppo_case_1_seed_0.pt",
    "/mnt/home/tianyuez/landscape-v2/grid_world/models/gridworld_ppo_case_1_seed_1.pt",
    "/mnt/home/tianyuez/landscape-v2/grid_world/models/gridworld_ppo_case_1_seed_2.pt",
    "/mnt/home/tianyuez/landscape-v2/grid_world/models/gridworld_ppo_case_1_seed_3.pt",
    "/mnt/home/tianyuez/landscape-v2/grid_world/models/gridworld_ppo_case_1_seed_4.pt",
    "/mnt/home/tianyuez/landscape-v2/grid_world/models/gridworld_ppo_case_1_seed_5.pt",
    "/mnt/home/tianyuez/landscape-v2/grid_world/models/gridworld_ppo_case_1_seed_6.pt",
    "/mnt/home/tianyuez/landscape-v2/grid_world/models/gridworld_ppo_case_1_seed_7.pt",
    "/mnt/home/tianyuez/landscape-v2/grid_world/models/gridworld_ppo_case_1_seed_8.pt",
    "/mnt/home/tianyuez/landscape-v2/grid_world/models/gridworld_ppo_case_1_seed_9.pt"
  ],
  "distance_norm": "l1",
  "distance_matrix": [
    [
      0.0,
      33.022621235497354,
      1.1626974584069103,
      0.014470781665295362,
      0.00290447985753417,
      32.753552734893674,
      0.16854379020514898,
      33.407510093049495,
      0.1323205577209592,
      0.017742840340361
    ],
    [
      33.022621235497354,
      0.0,
      33.46941593747033,
      33.02052679207554,
      33.024725366536586,
      1.2857211692080455,
      33.00877298233536,
      2.049718260714144,
      33.02271615058271,
      33.01950135539664
    ],
    [
      1.1626974584069103,
      33.46941593747033,
      0.0,
      1.1490008749533445,
      1.1622785322833806,
      33.52427982380141,
      1.0690313381783199,
      33.586057309861644,
      1.0633093833457679,
      1.1541453963145614
    ],
    [
      0.014470781665295362,
      33.02052679207554,
      1.1490008749533445,
      0.0,
      0.01405185554176569,
      32.75079496628132,
      0.15473633373039775,
      33.40453336677456,
      0.11784977605566382,
      0.015559902647510171
    ],
    [
      0.00290447985753417,
      33.024725366536586,
      1.1622785322833806,
      0.01405185554176569,
      0.0,
      32.75627567390438,
      0.1675060561101418,
      33.406648177755415,
      0.13190163159742951,
      0.015418644296005368
    ],
    [
      32.753552734893674,
      1.2857211692080455,
      33.52427982380141,
      32.75079496628132,
      32.75627567390438,
      0.0,
      32.78709999907187,
      1.734432789731727,
      32.77472993750598,
      32.75286338692058
    ],
    [
      0.16854379020514898,
      33.00877298233536,
      1.0690313381783199,
      0.15473633373039775,
      0.1675060561101418,
      32.78709999907187,
      0.0,
      33.40730493339652,
      0.0888325490814168,
      0.15734199711005203
    ],
    [
      33.407510093049495,
      2.049718260714144,
      33.586057309861644,
      33.40453336677456,
      33.406648177755415,
      1.734432789731727,
      33.40730493339652,
      0.0,
      33.438834312328254,
      33.40284606521891
    ],
    [
      0.1323205577209592,
      33.02271615058271,
      1.0633093833457679,
      0.11784977605566382,
      0.13190163159742951,
      32.77472993750598,
      0.0888325490814168,
      33.438834312328254,
      0.0,
      0.12920171185396612
    ],
    [
      0.017742840340361,
      33.01950135539664,
      1.1541453963145614,
      0.015559902647510171,
      0.015418644296005368,
      32.75286338692058,
      0.15734199711005203,
      33.40284606521891,
      0.12920171185396612,
      0.0
    ]
  ]
}