{
  "case_id": 4,
  "method": "pca",
  "dim": 2,
  "seeds": [
    0,
    1,
    2,
    3,
    4,
    5,
    6,
    7,
    8,
    9,
    10,
    11,
    12,
    13,
    14,
    15,
    16,
    17,
    18,
    19
  ],
  "model_paths": [
    "/mnt/home/tianyuez/landscape-v2/grid_world/models/gridworld_ppo_case_4_seed_0.pt",
    "/mnt/home/tianyuez/landscape-v2/grid_world/models/gridworld_ppo_case_4_seed_1.pt",
    "/mnt/home/tianyuez/landscape-v2/grid_world/models/gridworld_ppo_case_4_seed_2.pt",
    "/mnt/home/tianyuez/landscape-v2/grid_world/models/gridworld_ppo_case_4_seed_3.pt",
    "/mnt/home/tianyuez/landscape-v2/grid_world/models/gridworld_ppo_case_4_seed_4.pt",
    "/mnt/home/tianyuez/landscape-v2/grid_world/models/gridworld_ppo_case_4_seed_5.pt",
    "/mnt/home/tianyuez/landscape-v2/grid_world/models/gridworld_ppo_case_4_seed_6.pt",
    "/mnt/home/tianyuez/landscape-v2/grid_world/models/gridworld_ppo_case_4_seed_7.pt",
    "/mnt/home/tianyuez/landscape-v2/grid_world/models/gridworld_ppo_case_4_seed_8.pt",
    "/mnt/home/tianyuez/landscape-v2/grid_world/models/gridworld_ppo_case_4_seed_9.pt",
    "/mnt/home/tianyuez/landscape-v2/grid_world/models/gridworld_ppo_case_4_seed_10.pt",
    "/mnt/home/tianyuez/landscape-v2/grid_world/models/gridworld_ppo_case_4_seed_11.pt",
    "/mnt/home/tianyuez/landscape-v2/grid_world/models/gridworld_ppo_case_4_seed_12.pt",
    "/mnt/home/tianyuez/landscape-v2/grid_world/models/gridworld_ppo_case_4_seed_13.pt",
    "/mnt/home/tianyuez/landscape-v2/grid_world/models/gridworld_ppo_case_4_seed_14.pt",
    "/mnt/home/tianyuez/landscape-v2/grid_world/models/gridworld_ppo_case_4_seed_15.pt",
    "/mnt/home/tianyuez/landscape-v2/grid_world/models/gridworld_ppo_case_4_seed_16.pt",
    "/mnt/home/tianyuez/landscape-v2/grid_world/models/gridworld_ppo_case_4_seed_17.pt",
    "/mnt/home/tianyuez/landscape-v2/grid_world/models/gridworld_ppo_case_4_seed_18.pt",
    "/mnt/home/tianyuez/landscape-v2/grid_world/models/gridworld_ppo_case_4_seed_19.pt"
  ],
  "distance_norm": "l1",
  "distance_matrix": [
    [
      0.0,
      35.82457261737569,
      24.592499330115874,
      21.016386239200465,
      25.635310909894013,
      19.315348790360694,
      1.0403711539316873,
      46.27056160643595,
      5.119374484672347,
      24.602885068317164,
      2.6674783154781254,
      41.06789867637326,
      12.727667108776878,
      22.800846441412354,
      31.255083846428214,
      22.511984495959933,
      23.960398391522816,
      47.28313294122218,
      0.5192286755444622,
      18.39179251066019
    ],
    [
      35.82457261737569,
      0.0,
      36.939134052015305,
      20.15501390290285,
      14.874092520200294,
      19.447036387281162,
      36.86494377130738,
      10.44598898906025,
      33.35286344066372,
      17.9253494280038,
      35.19452778234822,
      5.243326058997565,
      25.580624994706724,
      23.969026189499825,
      4.5694887709474825,
      18.167415661339916,
      36.30703311342224,
      11.45856032384648,
      35.54945535738449,
      17.43278010671551
    ],
    [
      24.592499330115874,
      36.939134052015305,
      0.0,
      45.608885569316335,
      50.22781024000989,
      43.90784812047657,
      23.57285793139829,
      34.965257364715654,
      19.47312484544353,
      49.19538439843304,
      27.259977645594,
      38.2314884140661,
      11.864832221338997,
      47.39334577152823,
      33.790418748999045,
      47.10448382607581,
      0.6321009385930605,
      33.938007806176955,
      25.111728005660336,
      42.76026088192803
    ],
    [
      21.016386239200465,
      20.15501390290285,
      45.608885569316335,
      0.0,
      5.280921382702554,
      1.7010374488397701,
      22.036027637918046,
      30.6010028919631,
      26.13576072387281,
      3.586498829116705,
      18.348907923722336,
      25.39833996190041,
      33.74405334797734,
      3.8140122865969746,
      15.585525131955366,
      1.9875982415629316,
      44.97678463072327,
      31.61357422674933,
      20.497157563656003,
      2.8486246873883028
    ],
    [
      25.635310909894013,
      14.874092520200294,
      50.22781024000989,
      5.280921382702554,
      0.0,
      6.3199621195333195,
      26.6549523086116,
      25.320081509260547,
      30.75468539456636,
      3.0512569078035066,
      22.967832594415885,
      20.11741857919786,
      38.36297801867089,
      9.094933669299529,
      16.437391491010835,
      3.2933231411396227,
      49.595709301416825,
      26.332652844046777,
      25.116082234349552,
      7.467549358081852
    ],
    [
      19.315348790360694,
      19.447036387281162,
      43.90784812047657,
      1.7010374488397701,
      6.3199621195333195,
      0.0,
      20.334990189078276,
      29.893025376341413,
      24.434723275033036,
      5.287536277956475,
      16.647870474882566,
      24.690362446278726,
      32.04301589913757,
      4.521989802218662,
      14.877547616333679,
      3.1966357055992383,
      43.2757471818835,
      30.905596711127643,
      18.79612011481623,
      2.014256280565653
    ],
    [
      1.0403711539316873,
      36.86494377130738,
      23.57285793139829,
      22.036027637918046,
      26.6549523086116,
      20.334990189078276,
      0.0,
      47.310932760367635,
      4.099733085954762,
      25.622526467034753,
      3.6871197141957106,
      42.10826983030495,
      11.708025710059292,
      23.82048784012994,
      32.29545500035991,
      23.531625894677514,
      22.940756992805227,
      48.323504095153865,
      1.5388700742620474,
      19.432163664591876
    ],
    [
      46.27056160643595,
      10.44598898906025,
      34.965257364715654,
      30.6010028919631,
      25.320081509260547,
      29.893025376341413,
      47.310932760367635,
      0.0,
      43.79885242972397,
      28.371338417064052,
      45.64051677140847,
      5.2026629300626865,
      36.02661398376698,
      34.415015178560076,
      15.015477760007734,
      28.61340465040017,
      34.33315642612259,
      1.027249558538692,
      45.99544434644474,
      27.87876909577576
    ],
    [
      5.119374484672347,
      33.35286344066372,
      19.47312484544353,
      26.13576072387281,
      30.75468539456636,
      24.434723275033036,
      4.099733085954762,
      43.79885242972397,
      0.0,
      29.722259552989513,
      7.7868528001504735,
      38.59618949966128,
      7.7722384459569955,
      27.920220926084703,
      28.78337466971624,
      27.631358980632278,
      18.841023906850467,
      44.811423764510195,
      5.63860316021681,
      23.287136036484508
    ],
    [
      24.602885068317164,
      17.9253494280038,
      49.19538439843304,
      3.586498829116705,
      3.0512569078035066,
      5.287536277956475,
      25.622526467034753,
      28.371338417064052,
      29.722259552989513,
      0.0,
      21.935406752839043,
      23.168675487001366,
      37.33055217709405,
      6.043676761496022,
      15.404965649433993,
      2.0909005723572367,
      48.56328345983998,
      29.383909751850283,
      24.083656392772703,
      6.435123516505008
    ],
    [
      2.6674783154781254,
      35.19452778234822,
      27.259977645594,
      18.348907923722336,
      22.967832594415885,
      16.647870474882566,
      3.6871197141957106,
      45.64051677140847,
      7.7868528001504735,
      21.935406752839043,
      0.0,
      40.43785384134578,
      15.395145424255002,
      20.13336812593423,
      30.625039011400734,
      19.844506180481805,
      26.627876707000937,
      46.653088106194694,
      2.1482496399336632,
      17.761747675632705
    ],
    [
      41.06789867637326,
      5.243326058997565,
      38.2314884140661,
      25.39833996190041,
      20.11741857919786,
      24.690362446278726,
      42.10826983030495,
      5.2026629300626865,
      38.59618949966128,
      23.168675487001366,
      40.43785384134578,
      0.0,
      30.82395105370429,
      29.21235224849739,
      9.812814829945047,
      23.410741720337484,
      37.59938747547303,
      6.215234264848917,
      40.79278141638205,
      22.676106165713072
    ],
    [
      12.727667108776878,
      25.580624994706724,
      11.864832221338997,
      33.74405334797734,
      38.36297801867089,
      32.04301589913757,
      11.708025710059292,
      36.02661398376698,
      7.7722384459569955,
      37.33055217709405,
      15.395145424255002,
      30.82395105370429,
      0.0,
      35.52851355018923,
      21.92558652766005,
      35.23965160473681,
      11.232731282745938,
      37.0391853185532,
      13.24689578432134,
      30.895428660589037
    ],
    [
      22.800846441412354,
      23.969026189499825,
      47.39334577152823,
      3.8140122865969746,
      9.094933669299529,
      4.521989802218662,
      23.82048784012994,
      34.415015178560076,
      27.920220926084703,
      6.043676761496022,
      20.13336812593423,
      29.21235224849739,
      35.52851355018923,
      0.0,
      19.39953741855234,
      5.801610528159906,
      46.76124483293516,
      35.427586513346306,
      22.281617765867892,
      6.536246082784315
    ],
    [
      31.255083846428214,
      4.5694887709474825,
      33.790418748999045,
      15.585525131955366,
      16.437391491010835,
      14.877547616333679,
      32.29545500035991,
      15.015477760007734,
      28.78337466971624,
      15.404965649433993,
      30.625039011400734,
      9.812814829945047,
      21.92558652766005,
      19.39953741855234,
      0.0,
      13.597926890392435,
      33.15831781040599,
      16.028049094793964,
      30.979966586437,
      12.863291335768027
    ],
    [
      22.511984495959933,
      18.167415661339916,
      47.10448382607581,
      1.9875982415629316,
      3.2933231411396227,
      3.1966357055992383,
      23.531625894677514,
      28.61340465040017,
      27.631358980632278,
      2.0909005723572367,
      19.844506180481805,
      23.410741720337484,
      35.23965160473681,
      5.801610528159906,
      13.597926890392435,
      0.0,
      46.472382887482745,
      29.6259759851864,
      21.992755820415468,
      4.344222944147771
    ],
    [
      23.960398391522816,
      36.30703311342224,
      0.6321009385930605,
      44.97678463072327,
      49.595709301416825,
      43.2757471818835,
      22.940756992805227,
      34.33315642612259,
      18.841023906850467,
      48.56328345983998,
      26.627876707000937,
      37.59938747547303,
      11.232731282745938,
      46.76124483293516,
      33.15831781040599,
      46.472382887482745,
      0.0,
      33.67768983025928,
      24.479627067067277,
      42.12815994333498
    ],
    [
      47.28313294122218,
      11.45856032384648,
      33.938007806176955,
      31.61357422674933,
      26.332652844046777,
      30.905596711127643,
      48.323504095153865,
      1.027249558538692,
      44.811423764510195,
      29.383909751850283,
      46.653088106194694,
      6.215234264848917,
      37.0391853185532,
      35.427586513346306,
      16.028049094793964,
      29.6259759851864,
      33.67768983025928,
      0.0,
      47.008015681230965,
      28.89134043056199
    ],
    [
      0.5192286755444622,
      35.54945535738449,
      25.111728005660336,
      20.497157563656003,
      25.116082234349552,
      18.79612011481623,
      1.5388700742620474,
      45.99544434644474,
      5.63860316021681,
      24.083656392772703,
      2.1482496399336632,
      40.79278141638205,
      13.24689578432134,
      22.281617765867892,
      30.979966586437,
      21.992755820415468,
      24.479627067067277,
      47.008015681230965,
      0.0,
      18.116675250668976
    ],
    [
      18.39179251066019,
      17.43278010671551,
      42.76026088192803,
      2.8486246873883028,
      7.467549358081852,
      2.014256280565653,
      19.432163664591876,
      27.87876909577576,
      23.287136036484508,
      6.435123516505008,
      17.761747675632705,
      22.676106165713072,
      30.895428660589037,
      6.536246082784315,
      12.863291335768027,
      4.344222944147771,
      42.12815994333498,
      28.89134043056199,
      18.116675250668976,
      0.0
    ]
  ]
}