{
  "case_id": 5,
  "method": "pca",
  "dim": 6,
  "seeds": [
    0,
    1,
    2,
    3,
    4,
    5,
    6,
    7,
    8,
    9,
    10,
    11,
    12,
    13,
    14,
    15,
    16,
    17,
    18,
    19
  ],
  "model_paths": [
    "/mnt/home/tianyuez/landscape-v2/grid_world/models/gridworld_ppo_case_5_seed_0.pt",
    "/mnt/home/tianyuez/landscape-v2/grid_world/models/gridworld_ppo_case_5_seed_1.pt",
    "/mnt/home/tianyuez/landscape-v2/grid_world/models/gridworld_ppo_case_5_seed_2.pt",
    "/mnt/home/tianyuez/landscape-v2/grid_world/models/gridworld_ppo_case_5_seed_3.pt",
    "/mnt/home/tianyuez/landscape-v2/grid_world/models/gridworld_ppo_case_5_seed_4.pt",
    "/mnt/home/tianyuez/landscape-v2/grid_world/models/gridworld_ppo_case_5_seed_5.pt",
    "/mnt/home/tianyuez/landscape-v2/grid_world/models/gridworld_ppo_case_5_seed_6.pt",
    "/mnt/home/tianyuez/landscape-v2/grid_world/models/gridworld_ppo_case_5_seed_7.pt",
    "/mnt/home/tianyuez/landscape-v2/grid_world/models/gridworld_ppo_case_5_seed_8.pt",
    "/mnt/home/tianyuez/landscape-v2/grid_world/models/gridworld_ppo_case_5_seed_9.pt",
    "/mnt/home/tianyuez/landscape-v2/grid_world/models/gridworld_ppo_case_5_seed_10.pt",
    "/mnt/home/tianyuez/landscape-v2/grid_world/models/gridworld_ppo_case_5_seed_11.pt",
    "/mnt/home/tianyuez/landscape-v2/grid_world/models/gridworld_ppo_case_5_seed_12.pt",
    "/mnt/home/tianyuez/landscape-v2/grid_world/models/gridworld_ppo_case_5_seed_13.pt",
    "/mnt/home/tianyuez/landscape-v2/grid_world/models/gridworld_ppo_case_5_seed_14.pt",
    "/mnt/home/tianyuez/landscape-v2/grid_world/models/gridworld_ppo_case_5_seed_15.pt",
    "/mnt/home/tianyuez/landscape-v2/grid_world/models/gridworld_ppo_case_5_seed_16.pt",
    "/mnt/home/tianyuez/landscape-v2/grid_world/models/gridworld_ppo_case_5_seed_17.pt",
    "/mnt/home/tianyuez/landscape-v2/grid_world/models/gridworld_ppo_case_5_seed_18.pt",
    "/mnt/home/tianyuez/landscape-v2/grid_world/models/gridworld_ppo_case_5_seed_19.pt"
  ],
  "distance_norm": "l1",
  "distance_matrix": [
    [
      0.0,
      5.627033851031162,
      27.12881681449282,
      16.090666239089526,
      14.403265390196635,
      6.44263895830113,
      23.615000564121328,
      11.608207334101756,
      5.91577308722668,
      8.395437413267347,
      5.784508074416376,
      6.715481755878952,
      5.960192334868027,
      14.115100093178153,
      5.440302339528813,
      3.640070585683856,
      5.099381956593749,
      7.001687978943742,
      8.278825678546246,
      6.7478695600531005
    ],
    [
      5.627033851031162,
      0.0,
      29.748459154670986,
      17.661254945043456,
      18.302898228902027,
      9.99930063938288,
      26.773046748088788,
      14.862155757408217,
      6.532138731704487,
      11.259091735490477,
      2.422526367137703,
      3.833988160292906,
      5.524918154773081,
      14.444350083566874,
      7.187495371802767,
      6.44373349362192,
      1.9099384256003014,
      8.93278648259167,
      11.778205545893968,
      11.804382281840924
    ],
    [
      27.12881681449282,
      29.748459154670986,
      0.0,
      26.98166072126944,
      29.79856559203543,
      27.68914335117938,
      5.078331293393652,
      25.143618276590516,
      27.06989578416918,
      29.768898090983107,
      30.70790418827212,
      28.684971122146976,
      28.950175628264006,
      32.99397753095808,
      28.17065324512529,
      27.556396392022325,
      28.830289570993827,
      28.551184755966627,
      27.631436169163685,
      27.410564039157954
    ],
    [
      16.090666239089526,
      17.661254945043456,
      26.98166072126944,
      0.0,
      16.661069752769937,
      12.508205044305463,
      23.199003250039432,
      6.014810330246445,
      20.275955883226896,
      18.721766792003898,
      16.066095492814192,
      19.238729145198185,
      19.830435927536467,
      20.76168366713827,
      19.90482898379402,
      18.58723063253878,
      19.18067568140401,
      21.602614702841734,
      14.89528756012161,
      18.54040380638449
    ],
    [
      14.403265390196635,
      18.302898228902027,
      29.79856559203543,
      16.661069752769937,
      0.0,
      10.682098371537752,
      24.804910168946684,
      12.630832983856534,
      18.85477221560015,
      7.45288523009336,
      18.546157417962057,
      20.101666354434524,
      13.792273648286544,
      6.334375568489944,
      13.736557934803622,
      13.504837600255353,
      17.890729933463387,
      17.8716967784687,
      6.5486942106504245,
      9.765912753352625
    ],
    [
      6.44263895830113,
      9.99930063938288,
      27.68914335117938,
      12.508205044305463,
      10.682098371537752,
      0.0,
      22.645326869535346,
      8.806860701750056,
      10.648089181055877,
      6.7906838047763465,
      10.166981468026878,
      11.917871808729748,
      7.866096378221245,
      8.797344117823048,
      8.019106094017209,
      6.414723721288714,
      9.734207957474396,
      10.491326085155361,
      4.342788171180769,
      6.4609120285399815
    ],
    [
      23.615000564121328,
      26.773046748088788,
      5.078331293393652,
      23.199003250039432,
      24.804910168946684,
      22.645326869535346,
      0.0,
      21.601426122772715,
      25.3112793836603,
      24.690566797589458,
      27.095698529332356,
      25.342572186413204,
      24.47502404937123,
      28.500938323810747,
      23.19782083787324,
      22.708429291494745,
      25.85487716441163,
      25.496894533294107,
      22.821946096628555,
      22.60107396662282
    ],
    [
      11.608207334101756,
      14.862155757408217,
      25.143618276590516,
      6.014810330246445,
      12.630832983856534,
      8.806860701750056,
      21.601426122772715,
      0.0,
      16.189523862878538,
      15.049229416541369,
      15.319123053350467,
      16.562551719415083,
      15.80271577899822,
      16.85653411359843,
      15.960352690740027,
      14.690036908866913,
      15.243680481412785,
      17.41109088716462,
      10.934398148717474,
      14.30459064052532
    ],
    [
      5.91577308722668,
      6.532138731704487,
      27.06989578416918,
      20.275955883226896,
      18.85477221560015,
      10.648089181055877,
      25.3112793836603,
      16.189523862878538,
      0.0,
      11.784027697392968,
      6.033273909897504,
      3.7718108599602633,
      7.639309499542895,
      17.419089991709257,
      6.468341900162409,
      6.026918523786183,
      5.106144039355367,
      3.6606225210516206,
      12.685270768490508,
      9.996032295949757
    ],
    [
      8.395437413267347,
      11.259091735490477,
      29.768898090983107,
      18.721766792003898,
      7.45288523009336,
      6.7906838047763465,
      24.690566797589458,
      15.049229416541369,
      11.784027697392968,
      0.0,
      11.5023509245505,
      12.704926175268337,
      6.422806038836139,
      5.793668576152204,
      6.2836727047102645,
      6.34798694773459,
      10.717475614329274,
      11.86255288804887,
      4.586299609467719,
      4.688481378349247
    ],
    [
      5.784508074416376,
      2.422526367137703,
      30.70790418827212,
      16.066095492814192,
      18.546157417962057,
      10.166981468026878,
      27.095698529332356,
      15.319123053350467,
      6.033273909897504,
      11.5023509245505,
      0.0,
      3.8392122027007654,
      7.171276231168665,
      16.653168343822358,
      7.615646039187944,
      6.532654894742174,
      3.496395265563411,
      8.961795503136093,
      12.145072803262089,
      11.953191757345774
    ],
    [
      6.715481755878952,
      3.833988160292906,
      28.684971122146976,
      19.238729145198185,
      20.101666354434524,
      11.917871808729748,
      25.342572186413204,
      16.562551719415083,
      3.7718108599602633,
      12.704926175268337,
      3.8392122027007654,
      0.0,
      7.622222953862713,
      17.297320479285222,
      6.7117174866966645,
      6.742517076740349,
      4.341840160083472,
      7.095445080833394,
      13.932164907324882,
      11.242926434784131
    ],
    [
      5.960192334868027,
      5.524918154773081,
      28.950175628264006,
      19.830435927536467,
      13.792273648286544,
      7.866096378221245,
      24.47502404937123,
      15.80271577899822,
      7.639309499542895,
      6.422806038836139,
      7.171276231168665,
      7.622222953862713,
      0.0,
      9.797668120420918,
      1.6625772170296877,
      2.695870571967777,
      4.606748571095922,
      7.7178346901987975,
      7.614296297323906,
      7.118935646258637
    ],
    [
      14.115100093178153,
      14.444350083566874,
      32.99397753095808,
      20.76168366713827,
      6.334375568489944,
      8.797344117823048,
      28.500938323810747,
      16.85653411359843,
      17.419089991709257,
      5.793668576152204,
      16.653168343822358,
      17.297320479285222,
      9.797668120420918,
      0.0,
      10.95074809154685,
      11.918494753651368,
      13.418790229154492,
      17.497615182365163,
      7.733583161093115,
      9.885510279525414
    ],
    [
      5.440302339528813,
      7.187495371802767,
      28.17065324512529,
      19.90482898379402,
      13.736557934803622,
      8.019106094017209,
      23.19782083787324,
      15.960352690740027,
      6.468341900162409,
      6.2836727047102645,
      7.615646039187944,
      6.7117174866966645,
      1.6625772170296877,
      10.95074809154685,
      0.0,
      1.8002317538449575,
      6.26932578812561,
      6.555881451585181,
      7.567056487693981,
      5.647621817638076
    ],
    [
      3.640070585683856,
      6.44373349362192,
      27.556396392022325,
      18.58723063253878,
      13.504837600255353,
      6.414723721288714,
      22.708429291494745,
      14.690036908866913,
      6.026918523786183,
      6.34798694773459,
      6.532654894742174,
      6.742517076740349,
      2.695870571967777,
      11.918494753651368,
      1.8002317538449575,
      0.0,
      5.541967576558114,
      6.105443714442086,
      7.1896478305845335,
      5.587001683192203
    ],
    [
      5.099381956593749,
      1.9099384256003014,
      28.830289570993827,
      19.18067568140401,
      17.890729933463387,
      9.734207957474396,
      25.85487716441163,
      15.243680481412785,
      5.106144039355367,
      10.717475614329274,
      3.496395265563411,
      4.341840160083472,
      4.606748571095922,
      13.418790229154492,
      6.26932578812561,
      5.541967576558114,
      0.0,
      8.014616898914513,
      11.535738687473206,
      11.089167783430957
    ],
    [
      7.001687978943742,
      8.93278648259167,
      28.551184755966627,
      21.602614702841734,
      17.8716967784687,
      10.491326085155361,
      25.496894533294107,
      17.41109088716462,
      3.6606225210516206,
      11.86255288804887,
      8.961795503136093,
      7.095445080833394,
      7.7178346901987975,
      17.497615182365163,
      6.555881451585181,
      6.105443714442086,
      8.014616898914513,
      0.0,
      12.510211125907993,
      8.364781083541239
    ],
    [
      8.278825678546246,
      11.778205545893968,
      27.631436169163685,
      14.89528756012161,
      6.5486942106504245,
      4.342788171180769,
      22.821946096628555,
      10.934398148717474,
      12.685270768490508,
      4.586299609467719,
      12.145072803262089,
      13.932164907324882,
      7.614296297323906,
      7.733583161093115,
      7.567056487693981,
      7.1896478305845335,
      11.535738687473206,
      12.510211125907993,
      0.0,
      4.1454300423667565
    ],
    [
      6.7478695600531005,
      11.804382281840924,
      27.410564039157954,
      18.54040380638449,
      9.765912753352625,
      6.4609120285399815,
      22.60107396662282,
      14.30459064052532,
      9.996032295949757,
      4.688481378349247,
      11.953191757345774,
      11.242926434784131,
      7.118935646258637,
      9.885510279525414,
      5.647621817638076,
      5.587001683192203,
      11.089167783430957,
      8.364781083541239,
      4.1454300423667565,
      0.0
    ]
  ]
}