{
  "case_id": 2,
  "method": "pca",
  "dim": 9,
  "seeds": [
    0,
    1,
    2,
    3,
    4,
    5,
    6,
    7,
    8,
    9
  ],
  "model_paths": [
    "/mnt/home/tianyuez/landscape-v2/grid_world/models/gridworld_ppo_case_2_seed_0.pt",
    "/mnt/home/tianyuez/landscape-v2/grid_world/models/gridworld_ppo_case_2_seed_1.pt",
    "/mnt/home/tianyuez/landscape-v2/grid_world/models/gridworld_ppo_case_2_seed_2.pt",
    "/mnt/home/tianyuez/landscape-v2/grid_world/models/gridworld_ppo_case_2_seed_3.pt",
    "/mnt/home/tianyuez/landscape-v2/grid_world/models/gridworld_ppo_case_2_seed_4.pt",
    "/mnt/home/tianyuez/landscape-v2/grid_world/models/gridworld_ppo_case_2_seed_5.pt",
    "/mnt/home/tianyuez/landscape-v2/grid_world/models/gridworld_ppo_case_2_seed_6.pt",
    "/mnt/home/tianyuez/landscape-v2/grid_world/models/gridworld_ppo_case_2_seed_7.pt",
    "/mnt/home/tianyuez/landscape-v2/grid_world/models/gridworld_ppo_case_2_seed_8.pt",
    "/mnt/home/tianyuez/landscape-v2/grid_world/models/gridworld_ppo_case_2_seed_9.pt"
  ],
  "distance_matrix": [
    [
      0.0,
      5.3079281648882395,
      9.302453929887669,
      28.680474657478296,
      1.5694120230519815,
      3.1211515692104843,
      29.76581264675589,
      15.82855211331963,
      11.21998340213281,
      29.582241927104278
    ],
    [
      5.3079281648882395,
      0.0,
      11.765431462327372,
      29.33552583671395,
      5.100944615038547,
      7.361217895260295,
      30.58664835491354,
      16.897271114750396,
      6.593397364918599,
      30.380891431555256
    ],
    [
      9.302453929887669,
      11.765431462327372,
      0.0,
      22.3194364773433,
      10.213661707951701,
      6.603316364808728,
      23.092463053374185,
      7.422835292121349,
      18.244495376918486,
      22.950246676482497
    ],
    [
      28.680474657478296,
      29.33552583671395,
      22.3194364773433,
      0.0,
      29.876140385110553,
      27.187514503968803,
      2.2250608001589423,
      16.87794772534485,
      33.69406244105333,
      1.8898068862327237
    ],
    [
      1.5694120230519815,
      5.100944615038547,
      10.213661707951701,
      29.876140385110553,
      0.0,
      3.8443359412786466,
      30.95905087886786,
      16.875079178353715,
      10.727632929651834,
      30.7763468844182
    ],
    [
      3.1211515692104843,
      7.361217895260295,
      6.603316364808728,
      27.187514503968803,
      3.8443359412786466,
      0.0,
      28.14972964122316,
      13.643817804390736,
      13.772870390741948,
      27.982939612298157
    ],
    [
      29.76581264675589,
      30.58664835491354,
      23.092463053374185,
      2.2250608001589423,
      30.95905087886786,
      28.14972964122316,
      0.0,
      17.527089200807232,
      35.10676156446389,
      0.33667757296598705
    ],
    [
      15.82855211331963,
      16.897271114750396,
      7.422835292121349,
      16.87794772534485,
      16.875079178353715,
      13.643817804390736,
      17.527089200807232,
      0.0,
      22.62433884658057,
      17.3988246470801
    ],
    [
      11.21998340213281,
      6.593397364918599,
      18.244495376918486,
      33.69406244105333,
      10.727632929651834,
      13.772870390741948,
      35.10676156446389,
      22.62433884658057,
      0.0,
      34.88034133376534
    ],
    [
      29.582241927104278,
      30.380891431555256,
      22.950246676482497,
      1.8898068862327237,
      30.7763468844182,
      27.982939612298157,
      0.33667757296598705,
      17.3988246470801,
      34.88034133376534,
      0.0
    ]
  ]
}