{
  "case_id": 3,
  "method": "pca",
  "dim": 2,
  "seeds": [
    0,
    1,
    2,
    3,
    4,
    5,
    6,
    7,
    8,
    9,
    10,
    11,
    12,
    13,
    14,
    15,
    16,
    17,
    18,
    19
  ],
  "model_paths": [
    "/mnt/home/tianyuez/landscape-v2/grid_world/models/gridworld_ppo_case_3_seed_0.pt",
    "/mnt/home/tianyuez/landscape-v2/grid_world/models/gridworld_ppo_case_3_seed_1.pt",
    "/mnt/home/tianyuez/landscape-v2/grid_world/models/gridworld_ppo_case_3_seed_2.pt",
    "/mnt/home/tianyuez/landscape-v2/grid_world/models/gridworld_ppo_case_3_seed_3.pt",
    "/mnt/home/tianyuez/landscape-v2/grid_world/models/gridworld_ppo_case_3_seed_4.pt",
    "/mnt/home/tianyuez/landscape-v2/grid_world/models/gridworld_ppo_case_3_seed_5.pt",
    "/mnt/home/tianyuez/landscape-v2/grid_world/models/gridworld_ppo_case_3_seed_6.pt",
    "/mnt/home/tianyuez/landscape-v2/grid_world/models/gridworld_ppo_case_3_seed_7.pt",
    "/mnt/home/tianyuez/landscape-v2/grid_world/models/gridworld_ppo_case_3_seed_8.pt",
    "/mnt/home/tianyuez/landscape-v2/grid_world/models/gridworld_ppo_case_3_seed_9.pt",
    "/mnt/home/tianyuez/landscape-v2/grid_world/models/gridworld_ppo_case_3_seed_10.pt",
    "/mnt/home/tianyuez/landscape-v2/grid_world/models/gridworld_ppo_case_3_seed_11.pt",
    "/mnt/home/tianyuez/landscape-v2/grid_world/models/gridworld_ppo_case_3_seed_12.pt",
    "/mnt/home/tianyuez/landscape-v2/grid_world/models/gridworld_ppo_case_3_seed_13.pt",
    "/mnt/home/tianyuez/landscape-v2/grid_world/models/gridworld_ppo_case_3_seed_14.pt",
    "/mnt/home/tianyuez/landscape-v2/grid_world/models/gridworld_ppo_case_3_seed_15.pt",
    "/mnt/home/tianyuez/landscape-v2/grid_world/models/gridworld_ppo_case_3_seed_16.pt",
    "/mnt/home/tianyuez/landscape-v2/grid_world/models/gridworld_ppo_case_3_seed_17.pt",
    "/mnt/home/tianyuez/landscape-v2/grid_world/models/gridworld_ppo_case_3_seed_18.pt",
    "/mnt/home/tianyuez/landscape-v2/grid_world/models/gridworld_ppo_case_3_seed_19.pt"
  ],
  "distance_matrix": [
    [
      0.0,
      4.296480684003527,
      34.089158426841166,
      29.373624149588725,
      28.424826162790612,
      29.499386434527814,
      29.500901543341847,
      3.642014442757059,
      32.91974359121659,
      29.408467947213033,
      28.81477929424337,
      1.7880949543841336,
      26.963283705948925,
      29.49230734506069,
      2.555955445886596,
      29.47376298711143,
      35.902292727937834,
      22.728372905334275,
      38.74597231162212,
      26.968822762486926
    ],
    [
      4.296480684003527,
      0.0,
      30.90212154306729,
      31.527255346143114,
      30.539722392735065,
      31.661393523291057,
      31.662926291937872,
      0.8598582922933353,
      29.613866483897144,
      31.563741189505865,
      30.93263947694434,
      5.5821839273003615,
      27.18954391925888,
      29.129980823551744,
      2.3262734414429342,
      31.632268215512596,
      32.65852359562064,
      23.982314890038236,
      35.651220004124525,
      28.735177975089726
    ],
    [
      34.089158426841166,
      30.90212154306729,
      0.0,
      39.628650660427674,
      38.80829623999616,
      39.761587469474726,
      39.76261878996021,
      31.044059280821315,
      1.8223885663939103,
      39.660761529484866,
      39.05447396428223,
      34.09154891573882,
      26.056286237237106,
      22.85784200829014,
      31.60075983530758,
      39.72209637343993,
      1.9057152616213169,
      30.924917466132666,
      4.832487548394817,
      35.73360929026806
    ],
    [
      29.373624149588725,
      31.527255346143114,
      39.628650660427674,
      0.0,
      1.0186966712413015,
      0.14723018146935618,
      0.14864993894360945,
      30.72022071718397,
      39.83225786108506,
      0.03817920440415421,
      0.6461733431584934,
      27.624992610020698,
      13.853770043276873,
      17.962017522872483,
      29.46623672187259,
      0.11026934894302537,
      41.32410334123345,
      9.36318079685341,
      42.06080173568233,
      3.9342860697541835
    ],
    [
      28.424826162790612,
      30.539722392735065,
      38.80829623999616,
      1.0186966712413015,
      0.0,
      1.1638031843392482,
      1.1652962296681633,
      29.735185370165713,
      38.98493740006207,
      1.0568199552600261,
      0.39291910473411906,
      26.681386661583936,
      13.156782629383393,
      17.34779379194322,
      28.488425271623335,
      1.1287457305472706,
      40.516859520319194,
      8.393938911629949,
      41.30678720523364,
      3.074788296363022
    ],
    [
      29.499386434527814,
      31.661393523291057,
      39.761587469474726,
      0.14723018146935618,
      1.1638031843392482,
      0.0,
      0.001533662568227964,
      30.85377694677475,
      39.96793568058749,
      0.10946363843328016,
      0.7933574581489021,
      27.749748829069084,
      13.974846935978196,
      18.073072336822527,
      29.598152656667462,
      0.03977160579167012,
      41.455648876161554,
      9.509473409738169,
      42.18658760052541,
      4.0747069844206285
    ],
    [
      29.500901543341847,
      31.662926291937872,
      39.76261878996021,
      0.14864993894360945,
      1.1652962296681633,
      0.001533662568227964,
      0.0,
      30.855309152694645,
      39.969017480895886,
      0.11085705550311924,
      0.7947890586056122,
      27.751260746039144,
      13.97568588522119,
      18.07376348285016,
      29.599682643738266,
      0.0409424921781692,
      41.45665555487742,
      9.510817999712536,
      42.18749785057188,
      4.075890282385402
    ],
    [
      3.642014442757059,
      0.8598582922933353,
      31.044059280821315,
      30.72022071718397,
      29.735185370165713,
      30.85377694677475,
      30.855309152694645,
      0.0,
      29.79220229356184,
      30.756597810245637,
      30.128095398105565,
      4.795653088203908,
      26.598171043353627,
      28.63395899510953,
      1.4757431404669639,
      30.82490911438184,
      32.81949417571917,
      23.253419488945013,
      35.768762331246165,
      27.959516384684285
    ],
    [
      32.91974359121659,
      29.613866483897144,
      1.8223885663939103,
      39.83225786108506,
      38.98493740006207,
      39.96793568058749,
      39.969017480895886,
      29.79220229356184,
      0.0,
      39.865276142205275,
      39.24507426770073,
      32.99831080938281,
      26.43565661574533,
      23.466615043077184,
      30.40851448803445,
      39.92827113810338,
      3.10346711641089,
      30.9612762046196,
      6.446214778249599,
      35.9150916744898
    ],
    [
      29.408467947213033,
      31.563741189505865,
      39.660761529484866,
      0.03817920440415421,
      1.0568199552600261,
      0.10946363843328016,
      0.11085705550311924,
      30.756597810245637,
      39.865276142205275,
      0.0,
      0.6841759351780565,
      27.65962913890276,
      13.882116184204076,
      17.987362503302073,
      29.502302226379616,
      0.07209395070486883,
      41.3557626640679,
      9.400265225773403,
      42.09063551654953,
      3.9689001019157177
    ],
    [
      28.81477929424337,
      30.93263947694434,
      39.05447396428223,
      0.6461733431584934,
      0.39291910473411906,
      0.7933574581489021,
      0.7947890586056122,
      30.128095398105565,
      39.24507426770073,
      0.6841759351780565,
      0.0,
      27.07061294858053,
      13.339451909149048,
      17.493241524187624,
      28.88112076527275,
      0.7560813922450987,
      40.756431015517,
      8.723943168536204,
      41.52007121432793,
      3.3317267037073766
    ],
    [
      1.7880949543841336,
      5.5821839273003615,
      34.09154891573882,
      27.624992610020698,
      26.681386661583936,
      27.749748829069084,
      27.751260746039144,
      4.795653088203908,
      32.99831080938281,
      27.65962913890276,
      27.07061294858053,
      0.0,
      25.61392933067506,
      28.30833786082351,
      3.3937535140202915,
      27.72452082247664,
      35.93228904423325,
      21.14106625546172,
      38.67920253883147,
      25.274611691991463
    ],
    [
      26.963283705948925,
      27.18954391925888,
      26.056286237237106,
      13.853770043276873,
      13.156782629383393,
      13.974846935978196,
      13.97568588522119,
      26.598171043353627,
      26.43565661574533,
      13.882116184204076,
      13.339451909149048,
      25.61392933067506,
      0.0,
      4.463304012342116,
      25.842818710634933,
      13.936601433698446,
      27.678341150391567,
      7.158134323457281,
      28.24523797020429,
      10.157771817240821
    ],
    [
      29.49230734506069,
      29.129980823551744,
      22.85784200829014,
      17.962017522872483,
      17.34779379194322,
      18.073072336822527,
      18.07376348285016,
      28.63395899510953,
      23.466615043077184,
      17.987362503302073,
      17.493241524187624,
      28.30833786082351,
      4.463304012342116,
      0.0,
      28.06830939842728,
      18.03627586926425,
      24.34734153004572,
      11.561336440290617,
      24.55436222529684,
      14.435344202086737
    ],
    [
      2.555955445886596,
      2.3262734414429342,
      31.60075983530758,
      29.46623672187259,
      28.488425271623335,
      29.598152656667462,
      29.599682643738266,
      1.4757431404669639,
      30.40851448803445,
      29.502302226379616,
      28.88112076527275,
      3.3937535140202915,
      25.842818710634933,
      28.06830939842728,
      0.0,
      29.569997097484773,
      33.40386993641202,
      22.20097629167207,
      36.27994015971594,
      26.788681379575316
    ],
    [
      29.47376298711143,
      31.632268215512596,
      39.72209637343993,
      0.11026934894302537,
      1.1287457305472706,
      0.03977160579167012,
      0.0409424921781692,
      30.82490911438184,
      39.92827113810338,
      0.07209395070486883,
      0.7560813922450987,
      27.72452082247664,
      13.936601433698446,
      18.03627586926425,
      29.569997097484773,
      0.0,
      41.41626832071385,
      9.470601549844872,
      42.14778317942397,
      4.034947796689143
    ],
    [
      35.902292727937834,
      32.65852359562064,
      1.9057152616213169,
      41.32410334123345,
      40.516859520319194,
      41.455648876161554,
      41.45665555487742,
      32.81949417571917,
      3.10346711641089,
      41.3557626640679,
      40.756431015517,
      35.93228904423325,
      27.678341150391567,
      24.34734153004572,
      33.40386993641202,
      41.41626832071385,
      0.0,
      32.69801212045937,
      3.4482934984777827,
      37.44237429641535
    ],
    [
      22.728372905334275,
      23.982314890038236,
      30.924917466132666,
      9.36318079685341,
      8.393938911629949,
      9.509473409738169,
      9.510817999712536,
      23.253419488945013,
      30.9612762046196,
      9.400265225773403,
      8.723943168536204,
      21.14106625546172,
      7.158134323457281,
      11.561336440290617,
      22.20097629167207,
      9.470601549844872,
      32.69801212045937,
      0.0,
      33.79390616807071,
      5.558715915878284
    ],
    [
      38.74597231162212,
      35.651220004124525,
      4.832487548394817,
      42.06080173568233,
      41.30678720523364,
      42.18658760052541,
      42.18749785057188,
      35.768762331246165,
      6.446214778249599,
      42.09063551654953,
      41.52007121432793,
      38.67920253883147,
      28.24523797020429,
      24.55436222529684,
      36.27994015971594,
      42.14778317942397,
      3.4482934984777827,
      33.79390616807071,
      0.0,
      38.247155286601725
    ],
    [
      26.968822762486926,
      28.735177975089726,
      35.73360929026806,
      3.9342860697541835,
      3.074788296363022,
      4.0747069844206285,
      4.075890282385402,
      27.959516384684285,
      35.9150916744898,
      3.9689001019157177,
      3.3317267037073766,
      25.274611691991463,
      10.157771817240821,
      14.435344202086737,
      26.788681379575316,
      4.034947796689143,
      37.44237429641535,
      5.558715915878284,
      38.247155286601725,
      0.0
    ]
  ]
}