{
  "case_id": 4,
  "method": "pca",
  "dim": 9,
  "seeds": [
    0,
    1,
    2,
    3,
    4,
    5,
    6,
    7,
    8,
    9,
    10,
    11,
    12,
    13,
    14,
    15,
    16,
    17,
    18,
    19
  ],
  "model_paths": [
    "/mnt/home/tianyuez/landscape-v2/grid_world/models/gridworld_ppo_case_4_seed_0.pt",
    "/mnt/home/tianyuez/landscape-v2/grid_world/models/gridworld_ppo_case_4_seed_1.pt",
    "/mnt/home/tianyuez/landscape-v2/grid_world/models/gridworld_ppo_case_4_seed_2.pt",
    "/mnt/home/tianyuez/landscape-v2/grid_world/models/gridworld_ppo_case_4_seed_3.pt",
    "/mnt/home/tianyuez/landscape-v2/grid_world/models/gridworld_ppo_case_4_seed_4.pt",
    "/mnt/home/tianyuez/landscape-v2/grid_world/models/gridworld_ppo_case_4_seed_5.pt",
    "/mnt/home/tianyuez/landscape-v2/grid_world/models/gridworld_ppo_case_4_seed_6.pt",
    "/mnt/home/tianyuez/landscape-v2/grid_world/models/gridworld_ppo_case_4_seed_7.pt",
    "/mnt/home/tianyuez/landscape-v2/grid_world/models/gridworld_ppo_case_4_seed_8.pt",
    "/mnt/home/tianyuez/landscape-v2/grid_world/models/gridworld_ppo_case_4_seed_9.pt",
    "/mnt/home/tianyuez/landscape-v2/grid_world/models/gridworld_ppo_case_4_seed_10.pt",
    "/mnt/home/tianyuez/landscape-v2/grid_world/models/gridworld_ppo_case_4_seed_11.pt",
    "/mnt/home/tianyuez/landscape-v2/grid_world/models/gridworld_ppo_case_4_seed_12.pt",
    "/mnt/home/tianyuez/landscape-v2/grid_world/models/gridworld_ppo_case_4_seed_13.pt",
    "/mnt/home/tianyuez/landscape-v2/grid_world/models/gridworld_ppo_case_4_seed_14.pt",
    "/mnt/home/tianyuez/landscape-v2/grid_world/models/gridworld_ppo_case_4_seed_15.pt",
    "/mnt/home/tianyuez/landscape-v2/grid_world/models/gridworld_ppo_case_4_seed_16.pt",
    "/mnt/home/tianyuez/landscape-v2/grid_world/models/gridworld_ppo_case_4_seed_17.pt",
    "/mnt/home/tianyuez/landscape-v2/grid_world/models/gridworld_ppo_case_4_seed_18.pt",
    "/mnt/home/tianyuez/landscape-v2/grid_world/models/gridworld_ppo_case_4_seed_19.pt"
  ],
  "distance_norm": "l1",
  "distance_matrix": [
    [
      0.0,
      50.55789467384274,
      48.21807648380057,
      32.63801799749161,
      44.53792596395195,
      34.12343625047008,
      7.029147224759732,
      51.08865593828865,
      20.866516405958865,
      39.41706311922921,
      11.617598206810786,
      52.75681905230538,
      29.37960244018855,
      37.92879896743299,
      49.76808338478414,
      32.621146267740336,
      41.387051924284386,
      57.90752625849322,
      10.03691612016295,
      45.333969632593785
    ],
    [
      50.55789467384274,
      0.0,
      61.14294991427019,
      38.57086810688904,
      40.47119519143582,
      36.25166364833246,
      52.14343745357049,
      28.099782009019975,
      49.72621268956871,
      43.210487628430165,
      53.18086530679556,
      18.176835861852318,
      49.663787141917325,
      47.65559169457065,
      20.945145935334658,
      38.303561868382644,
      61.18871112212364,
      35.79102686577103,
      47.22538804620054,
      47.814904868792354
    ],
    [
      48.21807648380057,
      61.14294991427019,
      0.0,
      59.64376419507109,
      72.24047373316246,
      62.83215655158276,
      46.541211277186086,
      56.759048689835765,
      45.54341719906631,
      68.59545945176386,
      50.39669342412523,
      61.92811222066685,
      37.571539041208915,
      64.17758748356772,
      57.89604257612879,
      62.594151405787464,
      19.23944758616518,
      58.05138542576222,
      45.83862222867889,
      68.44408652558953
    ],
    [
      32.63801799749161,
      38.57086810688904,
      59.64376419507109,
      0.0,
      18.132177009058857,
      8.024721972655414,
      36.783891164638604,
      40.79630388102583,
      45.34181921535302,
      12.213623928670913,
      31.36787376257878,
      41.93907151101113,
      47.55664870402997,
      11.275624973807929,
      28.985077275099684,
      5.390262682160187,
      58.66476247459861,
      43.11004567234187,
      33.028949264803934,
      21.127728910507752
    ],
    [
      44.53792596395195,
      40.47119519143582,
      72.24047373316246,
      18.132177009058857,
      0.0,
      22.363841963159032,
      47.809849780920125,
      41.77735905394764,
      50.76603112716161,
      8.557982395477547,
      43.821283228044805,
      40.05222474751509,
      54.45146100033999,
      21.57992104923359,
      39.96347216387694,
      13.196873512461494,
      62.494961142730574,
      40.201608888140534,
      48.31833334244341,
      28.224499763572137
    ],
    [
      34.12343625047008,
      36.25166364833246,
      62.83215655158276,
      8.024721972655414,
      22.363841963159032,
      0.0,
      37.73649657788769,
      44.225983217873804,
      46.46461303138041,
      18.027087836539412,
      34.496126775034995,
      44.93557887001001,
      49.324794982812456,
      17.736774346688016,
      26.886988153353922,
      10.861617716243442,
      59.18656798637908,
      46.67637644638251,
      34.2438227338749,
      17.565569656805764
    ],
    [
      7.029147224759732,
      52.14343745357049,
      46.541211277186086,
      36.783891164638604,
      47.809849780920125,
      37.73649657788769,
      0.0,
      55.871779167149114,
      23.471752675286062,
      43.8691864541929,
      18.39827750559978,
      56.45506854849453,
      32.886990773690776,
      41.084665682053426,
      52.716941683862046,
      36.30209256713789,
      40.73080493160465,
      62.788730664813386,
      14.167440097719712,
      48.065380204015305
    ],
    [
      51.08865593828865,
      28.099782009019975,
      56.759048689835765,
      40.79630388102583,
      41.77735905394764,
      44.225983217873804,
      55.871779167149114,
      0.0,
      60.09168014850299,
      41.72312356836876,
      55.50646831188647,
      18.92319532084007,
      48.64473264061699,
      47.867451783918305,
      32.39770322974543,
      37.76315513016249,
      51.60857608233098,
      7.8787207750996355,
      56.828639177264165,
      51.57518440112407
    ],
    [
      20.866516405958865,
      49.72621268956871,
      45.54341719906631,
      45.34181921535302,
      50.76603112716161,
      46.46461303138041,
      23.471752675286062,
      60.09168014850299,
      0.0,
      50.837661883566305,
      19.937135798798156,
      48.8666947680128,
      28.29625599031421,
      51.090878458216416,
      54.59226179947906,
      47.52439931867397,
      43.48288294003439,
      64.77512432002857,
      22.23797508365027,
      51.328591479826706
    ],
    [
      39.41706311922921,
      43.210487628430165,
      68.59545945176386,
      12.213623928670913,
      8.557982395477547,
      18.027087836539412,
      43.8691864541929,
      41.72312356836876,
      50.837661883566305,
      0.0,
      37.68934770912907,
      41.87659589479006,
      55.05313672962684,
      13.930119883493864,
      35.607784834601816,
      7.844742862321923,
      62.33486746101435,
      41.54349766891338,
      42.61142306701639,
      28.781664931676247
    ],
    [
      11.617598206810786,
      53.18086530679556,
      50.39669342412523,
      31.36787376257878,
      43.821283228044805,
      34.496126775034995,
      18.39827750559978,
      55.50646831188647,
      19.937135798798156,
      37.68934770912907,
      0.0,
      50.309351331580736,
      30.572178268575502,
      33.5092713583733,
      45.68370880065898,
      34.45715005693793,
      48.42420994967553,
      58.32747585023764,
      10.369997055340772,
      45.71786021302172
    ],
    [
      52.75681905230538,
      18.176835861852318,
      61.92811222066685,
      41.93907151101113,
      40.05222474751509,
      44.93557887001001,
      56.45506854849453,
      18.92319532084007,
      48.8666947680128,
      41.87659589479006,
      50.309351331580736,
      0.0,
      54.361791419456196,
      49.35157965363767,
      32.493178545066634,
      39.9342055268623,
      59.06436750412142,
      25.008028419460672,
      52.26885001614104,
      50.854698096718835
    ],
    [
      29.37960244018855,
      49.663787141917325,
      37.571539041208915,
      47.55664870402997,
      54.45146100033999,
      49.324794982812456,
      32.886990773690776,
      48.64473264061699,
      28.29625599031421,
      55.05313672962684,
      30.572178268575502,
      54.361791419456196,
      0.0,
      50.33970730634584,
      38.189837845963226,
      49.589965391867445,
      30.95896890963892,
      47.311675782503926,
      34.01421839626074,
      54.742289955910564
    ],
    [
      37.92879896743299,
      47.65559169457065,
      64.17758748356772,
      11.275624973807929,
      21.57992104923359,
      17.736774346688016,
      41.084665682053426,
      47.867451783918305,
      51.090878458216416,
      13.930119883493864,
      33.5092713583733,
      49.35157965363767,
      50.33970730634584,
      0.0,
      33.36983307071699,
      12.248722428734025,
      61.03386216500619,
      44.979747416808614,
      37.49356771029264,
      29.543653652087656
    ],
    [
      49.76808338478414,
      20.945145935334658,
      57.89604257612879,
      28.985077275099684,
      39.96347216387694,
      26.886988153353922,
      52.716941683862046,
      32.39770322974543,
      54.59226179947906,
      35.607784834601816,
      45.68370880065898,
      32.493178545066634,
      38.189837845963226,
      33.36983307071699,
      0.0,
      30.046785173518142,
      54.77105670422861,
      30.51402815140468,
      43.11948630768443,
      38.95405492348865
    ],
    [
      32.621146267740336,
      38.303561868382644,
      62.594151405787464,
      5.390262682160187,
      13.196873512461494,
      10.861617716243442,
      36.30209256713789,
      37.76315513016249,
      47.52439931867397,
      7.844742862321923,
      34.45715005693793,
      39.9342055268623,
      49.589965391867445,
      12.248722428734025,
      30.046785173518142,
      0.0,
      57.33767076361362,
      39.1073249354585,
      37.85776984415972,
      23.923868765699307
    ],
    [
      41.387051924284386,
      61.18871112212364,
      19.23944758616518,
      58.66476247459861,
      62.494961142730574,
      59.18656798637908,
      40.73080493160465,
      51.60857608233098,
      43.48288294003439,
      62.33486746101435,
      48.42420994967553,
      59.06436750412142,
      30.95896890963892,
      61.03386216500619,
      54.77105670422861,
      57.33767076361362,
      0.0,
      49.997366144956096,
      48.667530353823636,
      63.80404351971734
    ],
    [
      57.90752625849322,
      35.79102686577103,
      58.05138542576222,
      43.11004567234187,
      40.201608888140534,
      46.67637644638251,
      62.788730664813386,
      7.8787207750996355,
      64.77512432002857,
      41.54349766891338,
      58.32747585023764,
      25.008028419460672,
      47.311675782503926,
      44.979747416808614,
      30.51402815140468,
      39.1073249354585,
      49.997366144956096,
      0.0,
      62.81813682863929,
      51.726743650553864
    ],
    [
      10.03691612016295,
      47.22538804620054,
      45.83862222867889,
      33.028949264803934,
      48.31833334244341,
      34.2438227338749,
      14.167440097719712,
      56.828639177264165,
      22.23797508365027,
      42.61142306701639,
      10.369997055340772,
      52.26885001614104,
      34.01421839626074,
      37.49356771029264,
      43.11948630768443,
      37.85776984415972,
      48.667530353823636,
      62.81813682863929,
      0.0,
      43.44025328195889
    ],
    [
      45.333969632593785,
      47.814904868792354,
      68.44408652558953,
      21.127728910507752,
      28.224499763572137,
      17.565569656805764,
      48.065380204015305,
      51.57518440112407,
      51.328591479826706,
      28.781664931676247,
      45.71786021302172,
      50.854698096718835,
      54.742289955910564,
      29.543653652087656,
      38.95405492348865,
      23.923868765699307,
      63.80404351971734,
      51.726743650553864,
      43.44025328195889,
      0.0
    ]
  ]
}