{
  "case_id": 2,
  "method": "pca",
  "dim": 6,
  "seeds": [
    0,
    1,
    2,
    3,
    4,
    5,
    6,
    7,
    8,
    9
  ],
  "model_paths": [
    "/mnt/home/tianyuez/landscape-v2/grid_world/models/gridworld_ppo_case_2_seed_0.pt",
    "/mnt/home/tianyuez/landscape-v2/grid_world/models/gridworld_ppo_case_2_seed_1.pt",
    "/mnt/home/tianyuez/landscape-v2/grid_world/models/gridworld_ppo_case_2_seed_2.pt",
    "/mnt/home/tianyuez/landscape-v2/grid_world/models/gridworld_ppo_case_2_seed_3.pt",
    "/mnt/home/tianyuez/landscape-v2/grid_world/models/gridworld_ppo_case_2_seed_4.pt",
    "/mnt/home/tianyuez/landscape-v2/grid_world/models/gridworld_ppo_case_2_seed_5.pt",
    "/mnt/home/tianyuez/landscape-v2/grid_world/models/gridworld_ppo_case_2_seed_6.pt",
    "/mnt/home/tianyuez/landscape-v2/grid_world/models/gridworld_ppo_case_2_seed_7.pt",
    "/mnt/home/tianyuez/landscape-v2/grid_world/models/gridworld_ppo_case_2_seed_8.pt",
    "/mnt/home/tianyuez/landscape-v2/grid_world/models/gridworld_ppo_case_2_seed_9.pt"
  ],
  "distance_matrix": [
    [
      0.0,
      5.306999554079618,
      9.302328898050312,
      28.680424282107094,
      1.5677877547222452,
      3.117866756076573,
      29.765683114363487,
      15.828464689975979,
      11.219519455102779,
      29.58233422419042
    ],
    [
      5.306999554079618,
      0.0,
      11.764556841253297,
      29.33529893261537,
      5.098085451261215,
      7.358759000987669,
      30.586319165756414,
      16.896781067897642,
      6.590418873090735,
      30.38081420811118
    ],
    [
      9.302328898050312,
      11.764556841253297,
      0.0,
      22.319356900204557,
      10.21365780169919,
      6.601612684484764,
      23.09232697984733,
      7.422635915109385,
      18.2443935622041,
      22.950311063013288
    ],
    [
      28.680424282107094,
      29.33529893261537,
      22.319356900204557,
      0.0,
      29.876070275865906,
      27.18728330973612,
      2.224971219802771,
      16.877853099033842,
      33.6940204027609,
      1.8897938860178625
    ],
    [
      1.5677877547222452,
      5.098085451261215,
      10.21365780169919,
      29.876070275865906,
      0.0,
      3.8411838275351475,
      30.958923997841982,
      16.874965907128733,
      10.727450899215386,
      30.7764152707
    ],
    [
      3.117866756076573,
      7.358759000987669,
      6.601612684484764,
      27.18728330973612,
      3.8411838275351475,
      0.0,
      28.14945626610578,
      13.643498744873686,
      13.772532859439185,
      27.982868260871147
    ],
    [
      29.765683114363487,
      30.586319165756414,
      23.09232697984733,
      2.224971219802771,
      30.958923997841982,
      28.14945626610578,
      0.0,
      17.526948086123113,
      35.10667215958796,
      0.33571827281681826
    ],
    [
      15.828464689975979,
      16.896781067897642,
      7.422635915109385,
      16.877853099033842,
      16.874965907128733,
      13.643498744873686,
      17.526948086123113,
      0.0,
      22.624312903801652,
      17.398873930739025
    ],
    [
      11.219519455102779,
      6.590418873090735,
      18.2443935622041,
      33.6940204027609,
      10.727450899215386,
      13.772532859439185,
      35.10667215958796,
      22.624312903801652,
      0.0,
      34.88042271598582
    ],
    [
      29.58233422419042,
      30.38081420811118,
      22.950311063013288,
      1.8897938860178625,
      30.7764152707,
      27.982868260871147,
      0.33571827281681826,
      17.398873930739025,
      34.88042271598582,
      0.0
    ]
  ]
}