{
  "case_id": 1,
  "method": "pca",
  "dim": 9,
  "seeds": [
    0,
    1,
    2,
    3,
    4,
    5,
    6,
    7,
    8,
    9
  ],
  "model_paths": [
    "/mnt/home/tianyuez/landscape-v2/grid_world/models/gridworld_ppo_case_1_seed_0.pt",
    "/mnt/home/tianyuez/landscape-v2/grid_world/models/gridworld_ppo_case_1_seed_1.pt",
    "/mnt/home/tianyuez/landscape-v2/grid_world/models/gridworld_ppo_case_1_seed_2.pt",
    "/mnt/home/tianyuez/landscape-v2/grid_world/models/gridworld_ppo_case_1_seed_3.pt",
    "/mnt/home/tianyuez/landscape-v2/grid_world/models/gridworld_ppo_case_1_seed_4.pt",
    "/mnt/home/tianyuez/landscape-v2/grid_world/models/gridworld_ppo_case_1_seed_5.pt",
    "/mnt/home/tianyuez/landscape-v2/grid_world/models/gridworld_ppo_case_1_seed_6.pt",
    "/mnt/home/tianyuez/landscape-v2/grid_world/models/gridworld_ppo_case_1_seed_7.pt",
    "/mnt/home/tianyuez/landscape-v2/grid_world/models/gridworld_ppo_case_1_seed_8.pt",
    "/mnt/home/tianyuez/landscape-v2/grid_world/models/gridworld_ppo_case_1_seed_9.pt"
  ],
  "distance_matrix": [
    [
      0.0,
      32.07949698995222,
      0.723084355593795,
      0.008628158106594303,
      0.0023138922131738507,
      32.20681964705057,
      0.084291037294942,
      32.483666624501964,
      0.07294094286500169,
      0.008544301992349852
    ],
    [
      32.07949698995222,
      0.0,
      32.052876017626545,
      32.07852998139386,
      32.07951882557889,
      0.7263522974871459,
      32.05782131398547,
      1.2892995202502493,
      32.07446569763512,
      32.07792707406052
    ],
    [
      0.723084355593795,
      32.052876017626545,
      0.0,
      0.7152016311240793,
      0.7220960475440932,
      32.17887516527317,
      0.6517920287039117,
      32.446836724182965,
      0.6527779057950835,
      0.7182053184822799
    ],
    [
      0.008628158106594303,
      32.07852998139386,
      0.7152016311240793,
      0.0,
      0.007959790496155566,
      32.205842861020976,
      0.07719657417195937,
      32.4825519675541,
      0.06495986438023119,
      0.008593336440263442
    ],
    [
      0.0023138922131738507,
      32.07951882557889,
      0.7220960475440932,
      0.007959790496155566,
      0.0,
      32.206834340618556,
      0.08348804821439446,
      32.48363418099933,
      0.07225249326569484,
      0.008420731636451892
    ],
    [
      32.20681964705057,
      0.7263522974871459,
      32.17887516527317,
      32.205842861020976,
      32.206834340618556,
      0.0,
      32.18530377063771,
      1.0463196435237507,
      32.201736189862366,
      32.205265371181625
    ],
    [
      0.084291037294942,
      32.05782131398547,
      0.6517920287039117,
      0.07719657417195937,
      0.08348804821439446,
      32.18530377063771,
      0.0,
      32.460928805675934,
      0.04352590562596742,
      0.07783721303013731
    ],
    [
      32.483666624501964,
      1.2892995202502493,
      32.446836724182965,
      32.4825519675541,
      32.48363418099933,
      1.0463196435237507,
      32.460928805675934,
      0.0,
      32.47779848880607,
      32.48199451915359
    ],
    [
      0.07294094286500169,
      32.07446569763512,
      0.6527779057950835,
      0.06495986438023119,
      0.07225249326569484,
      32.201736189862366,
      0.04352590562596742,
      32.47779848880607,
      0.0,
      0.0692673943041596
    ],
    [
      0.008544301992349852,
      32.07792707406052,
      0.7182053184822799,
      0.008593336440263442,
      0.008420731636451892,
      32.205265371181625,
      0.07783721303013731,
      32.48199451915359,
      0.0692673943041596,
      0.0
    ]
  ]
}