{
  "case_id": 1,
  "method": "pca",
  "dim": 3,
  "seeds": [
    0,
    1,
    2,
    3,
    4,
    5,
    6,
    7,
    8,
    9
  ],
  "model_paths": [
    "/mnt/home/tianyuez/landscape-v2/grid_world/models/gridworld_ppo_case_1_seed_0.pt",
    "/mnt/home/tianyuez/landscape-v2/grid_world/models/gridworld_ppo_case_1_seed_1.pt",
    "/mnt/home/tianyuez/landscape-v2/grid_world/models/gridworld_ppo_case_1_seed_2.pt",
    "/mnt/home/tianyuez/landscape-v2/grid_world/models/gridworld_ppo_case_1_seed_3.pt",
    "/mnt/home/tianyuez/landscape-v2/grid_world/models/gridworld_ppo_case_1_seed_4.pt",
    "/mnt/home/tianyuez/landscape-v2/grid_world/models/gridworld_ppo_case_1_seed_5.pt",
    "/mnt/home/tianyuez/landscape-v2/grid_world/models/gridworld_ppo_case_1_seed_6.pt",
    "/mnt/home/tianyuez/landscape-v2/grid_world/models/gridworld_ppo_case_1_seed_7.pt",
    "/mnt/home/tianyuez/landscape-v2/grid_world/models/gridworld_ppo_case_1_seed_8.pt",
    "/mnt/home/tianyuez/landscape-v2/grid_world/models/gridworld_ppo_case_1_seed_9.pt"
  ],
  "distance_matrix": [
    [
      0.0,
      32.07876571369339,
      0.7132415780969965,
      0.008040077698615629,
      0.0015737938043121028,
      32.20460318905508,
      0.07656725316402534,
      32.48345796021403,
      0.06991297700257496,
      0.005421894927904729
    ],
    [
      32.07876571369339,
      0.0,
      32.051099442945635,
      32.0777878932391,
      32.078779956027255,
      0.4163313862224033,
      32.057130180384405,
      1.2844910649060801,
      32.07366491827145,
      32.07724109789025
    ],
    [
      0.7132415780969965,
      32.051099442945635,
      0.0,
      0.705302560175156,
      0.7121820981936123,
      32.17781412818194,
      0.6391359351374731,
      32.446002784794366,
      0.6434866585459171,
      0.7080847821935334
    ],
    [
      0.008040077698615629,
      32.0777878932391,
      0.705302560175156,
      0.0,
      0.006910530823842893,
      32.20362170695653,
      0.06869648522274477,
      32.48233369409067,
      0.06206258088865338,
      0.0028649484260386024
    ],
    [
      0.0015737938043121028,
      32.078779956027255,
      0.7121820981936123,
      0.006910530823842893,
      0.0,
      32.20460452134235,
      0.07552165397482108,
      32.483416833820236,
      0.06893576056665075,
      0.004311433907373997
    ],
    [
      32.20460318905508,
      0.4163313862224033,
      32.17781412818194,
      32.20362170695653,
      32.20460452134235,
      0.0,
      32.18302938781164,
      0.9276034781904077,
      32.19964159242783,
      32.20307184842418
    ],
    [
      0.07656725316402534,
      32.057130180384405,
      0.6391359351374731,
      0.06869648522274477,
      0.07552165397482108,
      32.18302938781164,
      0.0,
      32.46074230873231,
      0.018279886947368262,
      0.07122575849955076
    ],
    [
      32.48345796021403,
      1.2844910649060801,
      32.446002784794366,
      32.48233369409067,
      32.483416833820236,
      0.9276034781904077,
      32.46074230873231,
      0.0,
      32.47755682712643,
      32.48182694252292
    ],
    [
      0.06991297700257496,
      32.07366491827145,
      0.6434866585459171,
      0.06206258088865338,
      0.06893576056665075,
      32.19964159242783,
      0.018279886947368262,
      32.47755682712643,
      0.0,
      0.06482278891651463
    ],
    [
      0.005421894927904729,
      32.07724109789025,
      0.7080847821935334,
      0.0028649484260386024,
      0.004311433907373997,
      32.20307184842418,
      0.07122575849955076,
      32.48182694252292,
      0.06482278891651463,
      0.0
    ]
  ]
}