{
  "case_id": 3,
  "method": "pca",
  "dim": 12,
  "seeds": [
    0,
    1,
    2,
    3,
    4,
    5,
    6,
    7,
    8,
    9,
    10,
    11,
    12,
    13,
    14,
    15,
    16,
    17,
    18,
    19
  ],
  "model_paths": [
    "/mnt/home/tianyuez/landscape-v2/grid_world/models/gridworld_ppo_case_3_seed_0.pt",
    "/mnt/home/tianyuez/landscape-v2/grid_world/models/gridworld_ppo_case_3_seed_1.pt",
    "/mnt/home/tianyuez/landscape-v2/grid_world/models/gridworld_ppo_case_3_seed_2.pt",
    "/mnt/home/tianyuez/landscape-v2/grid_world/models/gridworld_ppo_case_3_seed_3.pt",
    "/mnt/home/tianyuez/landscape-v2/grid_world/models/gridworld_ppo_case_3_seed_4.pt",
    "/mnt/home/tianyuez/landscape-v2/grid_world/models/gridworld_ppo_case_3_seed_5.pt",
    "/mnt/home/tianyuez/landscape-v2/grid_world/models/gridworld_ppo_case_3_seed_6.pt",
    "/mnt/home/tianyuez/landscape-v2/grid_world/models/gridworld_ppo_case_3_seed_7.pt",
    "/mnt/home/tianyuez/landscape-v2/grid_world/models/gridworld_ppo_case_3_seed_8.pt",
    "/mnt/home/tianyuez/landscape-v2/grid_world/models/gridworld_ppo_case_3_seed_9.pt",
    "/mnt/home/tianyuez/landscape-v2/grid_world/models/gridworld_ppo_case_3_seed_10.pt",
    "/mnt/home/tianyuez/landscape-v2/grid_world/models/gridworld_ppo_case_3_seed_11.pt",
    "/mnt/home/tianyuez/landscape-v2/grid_world/models/gridworld_ppo_case_3_seed_12.pt",
    "/mnt/home/tianyuez/landscape-v2/grid_world/models/gridworld_ppo_case_3_seed_13.pt",
    "/mnt/home/tianyuez/landscape-v2/grid_world/models/gridworld_ppo_case_3_seed_14.pt",
    "/mnt/home/tianyuez/landscape-v2/grid_world/models/gridworld_ppo_case_3_seed_15.pt",
    "/mnt/home/tianyuez/landscape-v2/grid_world/models/gridworld_ppo_case_3_seed_16.pt",
    "/mnt/home/tianyuez/landscape-v2/grid_world/models/gridworld_ppo_case_3_seed_17.pt",
    "/mnt/home/tianyuez/landscape-v2/grid_world/models/gridworld_ppo_case_3_seed_18.pt",
    "/mnt/home/tianyuez/landscape-v2/grid_world/models/gridworld_ppo_case_3_seed_19.pt"
  ],
  "distance_norm": "l1",
  "distance_matrix": [
    [
      0.0,
      32.05861568450928,
      67.01770201511681,
      54.04645916260779,
      54.567439425736666,
      54.22780934069306,
      54.231361490208656,
      32.15075783059001,
      66.82852587103844,
      54.23138355836272,
      53.91269192658365,
      14.747517246752977,
      49.80612969491631,
      51.26068137958646,
      26.953751653432846,
      54.22479428432416,
      68.3103816434741,
      46.354147747159004,
      73.94244778901339,
      50.91287171491422
    ],
    [
      32.05861568450928,
      0.0,
      64.91328293271363,
      60.19231324829161,
      61.13495895639062,
      60.38665871415287,
      60.38500858517364,
      17.146573346108198,
      65.20355723798275,
      60.18852921947837,
      59.34227044694126,
      37.193221155554056,
      54.10566864814609,
      57.9536603204906,
      17.4392811357975,
      60.32071417651605,
      67.6447816863656,
      48.02735775709152,
      72.85449930280447,
      54.97307721688412
    ],
    [
      67.01770201511681,
      64.91328293271363,
      0.0,
      55.11572901159525,
      57.08058185689151,
      55.14181069936603,
      55.1431616791524,
      64.3620342258364,
      17.931671930477023,
      55.0816499684006,
      54.83768392726779,
      66.84032253734767,
      47.43243665341288,
      49.848150273784995,
      60.49450067989528,
      55.10500089719426,
      20.97374572791159,
      52.30441780202091,
      35.26172407902777,
      50.77155568660237
    ],
    [
      54.04645916260779,
      60.19231324829161,
      55.11572901159525,
      0.0,
      6.829527011141181,
      0.31036806758493185,
      0.3164245546795428,
      56.79355935938656,
      55.989157473668456,
      0.36688810773193836,
      2.2869516983628273,
      53.809907706454396,
      29.991976535879076,
      40.45226582325995,
      53.36327553726733,
      0.3150348392082378,
      51.26727583818138,
      21.35943573154509,
      65.55425475351512,
      8.21563619398512
    ],
    [
      54.567439425736666,
      61.13495895639062,
      57.08058185689151,
      6.829527011141181,
      0.0,
      7.064315748400986,
      7.07492906646803,
      59.11368928104639,
      57.87950565293431,
      7.053778730332851,
      6.799588883295655,
      54.60223367810249,
      31.527784663252532,
      44.03018428385258,
      52.270744267851114,
      7.079727348755114,
      52.0117859877646,
      20.631553020328283,
      67.290337767452,
      9.574390642577782
    ],
    [
      54.22780934069306,
      60.38665871415287,
      55.14181069936603,
      0.31036806758493185,
      7.064315748400986,
      0.0,
      0.012104705441743135,
      56.970590020529926,
      56.04595887567848,
      0.34051171969622374,
      2.3995174476876855,
      53.96297715138644,
      30.01108917593956,
      40.49678287189454,
      53.53665839228779,
      0.10515478241723031,
      51.37583952303976,
      21.610472784377635,
      65.67292215581983,
      8.428252957062796
    ],
    [
      54.231361490208656,
      60.38500858517364,
      55.1431616791524,
      0.3164245546795428,
      7.07492906646803,
      0.012104705441743135,
      0.0,
      56.97353222919628,
      56.04698933986947,
      0.3377008284442127,
      2.402886392083019,
      53.97087439475581,
      30.019145131576806,
      40.49899153737351,
      53.53894431935623,
      0.10184859146829695,
      51.37935426039621,
      21.617364377249032,
      65.6788484225981,
      8.43923773127608
    ],
    [
      32.15075783059001,
      17.146573346108198,
      64.3620342258364,
      56.79355935938656,
      59.11368928104639,
      56.970590020529926,
      56.97353222919628,
      0.0,
      69.97957006469369,
      56.685847625136375,
      55.419129921123385,
      33.781125493347645,
      49.76587450224906,
      54.20465484261513,
      18.71890066936612,
      56.89507241093088,
      65.74103825166821,
      45.59646274521947,
      74.48172431066632,
      51.72709572291933
    ],
    [
      66.82852587103844,
      65.20355723798275,
      17.931671930477023,
      55.989157473668456,
      57.87950565293431,
      56.04595887567848,
      56.04698933986947,
      69.97957006469369,
      0.0,
      55.995526526123285,
      56.078790878877044,
      68.89002475515008,
      53.46132740471512,
      55.46521759405732,
      66.3951368778944,
      56.041661440511234,
      22.243986882269382,
      57.7239737957716,
      34.58610086888075,
      54.97401656792499
    ],
    [
      54.23138355836272,
      60.18852921947837,
      55.0816499684006,
      0.36688810773193836,
      7.053778730332851,
      0.34051171969622374,
      0.3377008284442127,
      56.685847625136375,
      55.995526526123285,
      0.0,
      2.1562517043203115,
      53.85009843111038,
      29.901098524220288,
      40.382806055247784,
      53.26062757894397,
      0.2586874655680731,
      51.36935931071639,
      21.53252747282386,
      65.61914728209376,
      8.287686260649934
    ],
    [
      53.91269192658365,
      59.34227044694126,
      54.83768392726779,
      2.2869516983628273,
      6.799588883295655,
      2.3995174476876855,
      2.402886392083019,
      55.419129921123385,
      56.078790878877044,
      2.1562517043203115,
      0.0,
      52.3771761264652,
      28.65630867984146,
      39.22739904560149,
      51.97926997952163,
      2.3261181759880856,
      51.35529293306172,
      20.74742210842669,
      65.55834433250129,
      7.1898372455034405
    ],
    [
      14.747517246752977,
      37.193221155554056,
      66.84032253734767,
      53.809907706454396,
      54.60223367810249,
      53.96297715138644,
      53.97087439475581,
      33.781125493347645,
      68.89002475515008,
      53.85009843111038,
      52.3771761264652,
      0.0,
      49.063478293828666,
      53.48642096668482,
      29.272867377847433,
      53.91225811757613,
      70.03865813836455,
      44.01957328990102,
      74.49543388560414,
      49.29497594409622
    ],
    [
      49.80612969491631,
      54.10566864814609,
      47.43243665341288,
      29.991976535879076,
      31.527784663252532,
      30.01108917593956,
      30.019145131576806,
      49.76587450224906,
      53.46132740471512,
      29.901098524220288,
      28.65630867984146,
      49.063478293828666,
      0.0,
      12.502898109145463,
      49.74578488525003,
      29.962596897152252,
      45.726970999501646,
      23.72288704570383,
      57.86603552196175,
      22.994829171104357
    ],
    [
      51.26068137958646,
      57.9536603204906,
      49.848150273784995,
      40.45226582325995,
      44.03018428385258,
      40.49678287189454,
      40.49899153737351,
      54.20465484261513,
      55.46521759405732,
      40.382806055247784,
      39.22739904560149,
      53.48642096668482,
      12.502898109145463,
      0.0,
      54.31320359185338,
      40.4299342102604,
      49.17840675637126,
      35.58450277522206,
      55.773659218102694,
      34.904599329223856
    ],
    [
      26.953751653432846,
      17.4392811357975,
      60.49450067989528,
      53.36327553726733,
      52.270744267851114,
      53.53665839228779,
      53.53894431935623,
      18.71890066936612,
      66.3951368778944,
      53.26062757894397,
      51.97926997952163,
      29.272867377847433,
      49.74578488525003,
      54.31320359185338,
      0.0,
      53.465426859329455,
      64.44328366965055,
      42.60763296484947,
      76.17227295786142,
      47.6077684124466
    ],
    [
      54.22479428432416,
      60.32071417651605,
      55.10500089719426,
      0.3150348392082378,
      7.079727348755114,
      0.10515478241723031,
      0.10184859146829695,
      56.89507241093088,
      56.041661440511234,
      0.2586874655680731,
      2.3261181759880856,
      53.91225811757613,
      29.962596897152252,
      40.4299342102604,
      53.465426859329455,
      0.0,
      51.37124397896696,
      21.558966648648493,
      65.66518586419988,
      8.384486681898125
    ],
    [
      68.3103816434741,
      67.6447816863656,
      20.97374572791159,
      51.26727583818138,
      52.0117859877646,
      51.37583952303976,
      51.37935426039621,
      65.74103825166821,
      22.243986882269382,
      51.36935931071639,
      51.35529293306172,
      70.03865813836455,
      45.726970999501646,
      49.17840675637126,
      64.44328366965055,
      51.37124397896696,
      0.0,
      51.4810111746192,
      23.409065544605255,
      48.90440307208337
    ],
    [
      46.354147747159004,
      48.02735775709152,
      52.30441780202091,
      21.35943573154509,
      20.631553020328283,
      21.610472784377635,
      21.617364377249032,
      45.59646274521947,
      57.7239737957716,
      21.53252747282386,
      20.74742210842669,
      44.01957328990102,
      23.72288704570383,
      35.58450277522206,
      42.60763296484947,
      21.558966648648493,
      51.4810111746192,
      0.0,
      59.66242340952158,
      13.769789825892076
    ],
    [
      73.94244778901339,
      72.85449930280447,
      35.26172407902777,
      65.55425475351512,
      67.290337767452,
      65.67292215581983,
      65.6788484225981,
      74.48172431066632,
      34.58610086888075,
      65.61914728209376,
      65.55834433250129,
      74.49543388560414,
      57.86603552196175,
      55.773659218102694,
      76.17227295786142,
      65.66518586419988,
      23.409065544605255,
      59.66242340952158,
      0.0,
      63.229069125140086
    ],
    [
      50.91287171491422,
      54.97307721688412,
      50.77155568660237,
      8.21563619398512,
      9.574390642577782,
      8.428252957062796,
      8.43923773127608,
      51.72709572291933,
      54.97401656792499,
      8.287686260649934,
      7.1898372455034405,
      49.29497594409622,
      22.994829171104357,
      34.904599329223856,
      47.6077684124466,
      8.384486681898125,
      48.90440307208337,
      13.769789825892076,
      63.229069125140086,
      0.0
    ]
  ]
}