{
  "case_id": 3,
  "method": "pca",
  "dim": 3,
  "seeds": [
    0,
    1,
    2,
    3,
    4,
    5,
    6,
    7,
    8,
    9,
    10,
    11,
    12,
    13,
    14,
    15,
    16,
    17,
    18,
    19
  ],
  "model_paths": [
    "/mnt/home/tianyuez/landscape-v2/grid_world/models/gridworld_ppo_case_3_seed_0.pt",
    "/mnt/home/tianyuez/landscape-v2/grid_world/models/gridworld_ppo_case_3_seed_1.pt",
    "/mnt/home/tianyuez/landscape-v2/grid_world/models/gridworld_ppo_case_3_seed_2.pt",
    "/mnt/home/tianyuez/landscape-v2/grid_world/models/gridworld_ppo_case_3_seed_3.pt",
    "/mnt/home/tianyuez/landscape-v2/grid_world/models/gridworld_ppo_case_3_seed_4.pt",
    "/mnt/home/tianyuez/landscape-v2/grid_world/models/gridworld_ppo_case_3_seed_5.pt",
    "/mnt/home/tianyuez/landscape-v2/grid_world/models/gridworld_ppo_case_3_seed_6.pt",
    "/mnt/home/tianyuez/landscape-v2/grid_world/models/gridworld_ppo_case_3_seed_7.pt",
    "/mnt/home/tianyuez/landscape-v2/grid_world/models/gridworld_ppo_case_3_seed_8.pt",
    "/mnt/home/tianyuez/landscape-v2/grid_world/models/gridworld_ppo_case_3_seed_9.pt",
    "/mnt/home/tianyuez/landscape-v2/grid_world/models/gridworld_ppo_case_3_seed_10.pt",
    "/mnt/home/tianyuez/landscape-v2/grid_world/models/gridworld_ppo_case_3_seed_11.pt",
    "/mnt/home/tianyuez/landscape-v2/grid_world/models/gridworld_ppo_case_3_seed_12.pt",
    "/mnt/home/tianyuez/landscape-v2/grid_world/models/gridworld_ppo_case_3_seed_13.pt",
    "/mnt/home/tianyuez/landscape-v2/grid_world/models/gridworld_ppo_case_3_seed_14.pt",
    "/mnt/home/tianyuez/landscape-v2/grid_world/models/gridworld_ppo_case_3_seed_15.pt",
    "/mnt/home/tianyuez/landscape-v2/grid_world/models/gridworld_ppo_case_3_seed_16.pt",
    "/mnt/home/tianyuez/landscape-v2/grid_world/models/gridworld_ppo_case_3_seed_17.pt",
    "/mnt/home/tianyuez/landscape-v2/grid_world/models/gridworld_ppo_case_3_seed_18.pt",
    "/mnt/home/tianyuez/landscape-v2/grid_world/models/gridworld_ppo_case_3_seed_19.pt"
  ],
  "distance_norm": "l1",
  "distance_matrix": [
    [
      0.0,
      8.616755962371826,
      50.62830625101924,
      39.82650089263916,
      38.560325503349304,
      40.00363230705261,
      40.005423188209534,
      9.19163990020752,
      48.37689733505249,
      39.93723022937775,
      39.60606777667999,
      3.3987696766853333,
      39.00667452812195,
      41.90689933300018,
      5.860219240188599,
      39.99264991283417,
      52.69895362854004,
      30.116234123706818,
      55.59137296676636,
      37.62418318283744
    ],
    [
      8.616755962371826,
      0.0,
      46.21463741734624,
      47.839821338653564,
      46.57364594936371,
      48.015772581100464,
      48.017932772636414,
      1.9758429527282715,
      47.71252632141113,
      47.81933915615082,
      46.48752725124359,
      10.190220892429352,
      39.067610025405884,
      41.96783483028412,
      4.671106576919556,
      47.94561064243317,
      52.03458261489868,
      34.16308969259262,
      54.927001953125,
      41.84074019896798
    ],
    [
      50.62830625101924,
      46.21463741734624,
      0.0,
      43.93237290903926,
      43.68166707083583,
      43.996118646115065,
      43.996269445866346,
      47.022751946002245,
      4.570321422070265,
      43.86824582144618,
      43.05265687033534,
      50.07662622258067,
      34.014737982302904,
      36.91496278718114,
      46.15182914212346,
      43.93118856474757,
      5.8199451975524426,
      35.930871684104204,
      8.712364535778761,
      38.62081971135922
    ],
    [
      39.82650089263916,
      47.839821338653564,
      43.93237290903926,
      0.0,
      1.266175389289856,
      0.20873618125915527,
      0.21052706241607666,
      47.24697685241699,
      41.64935922622681,
      0.14233410358428955,
      1.3522940874099731,
      37.64960044622421,
      25.120219469070435,
      34.618398785591125,
      43.16871476173401,
      0.19775378704071045,
      45.971415519714355,
      13.676731646060944,
      48.863834857940674,
      5.999081139685586
    ],
    [
      38.560325503349304,
      46.57364594936371,
      43.68166707083583,
      1.266175389289856,
      0.0,
      1.4642997980117798,
      1.4660906791687012,
      45.980801463127136,
      41.40926516056061,
      1.397897720336914,
      1.0667352676391602,
      36.38342505693436,
      24.869513630867004,
      34.367692947387695,
      41.90253937244415,
      1.453317403793335,
      45.73132145404816,
      12.410556256771088,
      48.623740792274475,
      5.108312969328836
    ],
    [
      40.00363230705261,
      48.015772581100464,
      43.996118646115065,
      0.20873618125915527,
      1.4642997980117798,
      0.0,
      0.002160191535949707,
      47.42292809486389,
      41.74588990211487,
      0.196433424949646,
      1.5282453298568726,
      37.82555168867111,
      25.18396520614624,
      34.68214452266693,
      43.34466600418091,
      0.07016193866729736,
      46.06794619560242,
      13.852682888507843,
      48.960365533828735,
      6.1750323821324855
    ],
    [
      40.005423188209534,
      48.017932772636414,
      43.996269445866346,
      0.21052706241607666,
      1.4660906791687012,
      0.002160191535949707,
      0.0,
      47.42508828639984,
      41.74567139148712,
      0.1985936164855957,
      1.5304055213928223,
      37.82771188020706,
      25.184116005897522,
      34.68229532241821,
      43.34682619571686,
      0.07232213020324707,
      46.06772768497467,
      13.854843080043793,
      48.96014702320099,
      6.177192573668435
    ],
    [
      9.19163990020752,
      1.9758429527282715,
      47.022751946002245,
      47.24697685241699,
      45.980801463127136,
      47.42292809486389,
      47.42508828639984,
      0.0,
      48.52064085006714,
      47.226494669914246,
      45.89468276500702,
      9.59737640619278,
      37.09176707267761,
      39.99199187755585,
      4.078262090682983,
      47.352766156196594,
      52.84269714355469,
      33.57024520635605,
      55.735116481781006,
      41.247895712731406
    ],
    [
      48.37689733505249,
      47.71252632141113,
      4.570321422070265,
      41.64935922622681,
      41.40926516056061,
      41.74588990211487,
      41.74567139148712,
      48.52064085006714,
      0.0,
      41.748048424720764,
      41.9331089258194,
      49.04708653688431,
      38.58505940437317,
      41.485284209251404,
      47.649718046188354,
      41.74013936519623,
      4.322056293487549,
      37.4287605881691,
      7.214475631713867,
      40.11870861542411
    ],
    [
      39.93723022937775,
      47.81933915615082,
      43.86824582144618,
      0.14233410358428955,
      1.397897720336914,
      0.196433424949646,
      0.1985936164855957,
      47.226494669914246,
      41.748048424720764,
      0.0,
      1.3318119049072266,
      37.629118263721466,
      25.056092381477356,
      34.55427169799805,
      43.14823257923126,
      0.12627148628234863,
      46.07010471820831,
      13.656249463558197,
      48.96252405643463,
      5.9785989571828395
    ],
    [
      39.60606777667999,
      46.48752725124359,
      43.05265687033534,
      1.3522940874099731,
      1.0667352676391602,
      1.5282453298568726,
      1.5304055213928223,
      45.89468276500702,
      41.9331089258194,
      1.3318119049072266,
      0.0,
      36.29730635881424,
      24.240503430366516,
      33.73868274688721,
      41.816420674324036,
      1.4580833911895752,
      46.255165219306946,
      12.32443755865097,
      49.147584557533264,
      4.646787052275613
    ],
    [
      3.3987696766853333,
      10.190220892429352,
      50.07662622258067,
      37.64960044622421,
      36.38342505693436,
      37.82555168867111,
      37.82771188020706,
      9.59737640619278,
      49.04708653688431,
      37.629118263721466,
      36.29730635881424,
      0.0,
      35.607904851436615,
      40.76265209913254,
      5.519114315509796,
      37.755389750003815,
      53.36914283037186,
      26.717464447021484,
      56.261562168598175,
      34.22541350615211
    ],
    [
      39.00667452812195,
      39.067610025405884,
      34.014737982302904,
      25.120219469070435,
      24.869513630867004,
      25.18396520614624,
      25.184116005897522,
      37.09176707267761,
      38.58505940437317,
      25.056092381477356,
      24.240503430366516,
      35.607904851436615,
      0.0,
      9.498179316520691,
      37.215848445892334,
      25.119035124778748,
      39.629905462265015,
      16.90155118703842,
      42.52232480049133,
      19.76120066153817
    ],
    [
      41.90689933300018,
      41.96783483028412,
      36.91496278718114,
      34.618398785591125,
      34.367692947387695,
      34.68214452266693,
      34.68229532241821,
      39.99199187755585,
      41.485284209251404,
      34.55427169799805,
      33.73868274688721,
      40.76265209913254,
      9.498179316520691,
      0.0,
      40.11607325077057,
      34.61721444129944,
      41.092739939689636,
      26.399730503559113,
      39.975706458091736,
      29.25937997805886
    ],
    [
      5.860219240188599,
      4.671106576919556,
      46.15182914212346,
      43.16871476173401,
      41.90253937244415,
      43.34466600418091,
      43.34682619571686,
      4.078262090682983,
      47.649718046188354,
      43.14823257923126,
      41.816420674324036,
      5.519114315509796,
      37.215848445892334,
      40.11607325077057,
      0.0,
      43.27450406551361,
      51.9717743396759,
      29.491983115673065,
      54.86419367790222,
      37.16963362204842
    ],
    [
      39.99264991283417,
      47.94561064243317,
      43.93118856474757,
      0.19775378704071045,
      1.453317403793335,
      0.07016193866729736,
      0.07232213020324707,
      47.352766156196594,
      41.74013936519623,
      0.12627148628234863,
      1.4580833911895752,
      37.755389750003815,
      25.119035124778748,
      34.61721444129944,
      43.27450406551361,
      0.0,
      46.06219565868378,
      13.782520949840546,
      48.954614996910095,
      6.104870443465188
    ],
    [
      52.69895362854004,
      52.03458261489868,
      5.8199451975524426,
      45.971415519714355,
      45.73132145404816,
      46.06794619560242,
      46.06772768497467,
      52.84269714355469,
      4.322056293487549,
      46.07010471820831,
      46.255165219306946,
      53.36914283037186,
      39.629905462265015,
      41.092739939689636,
      51.9717743396759,
      46.06219565868378,
      0.0,
      41.75081688165665,
      3.65250825881958,
      44.44076490891166
    ],
    [
      30.116234123706818,
      34.16308969259262,
      35.930871684104204,
      13.676731646060944,
      12.410556256771088,
      13.852682888507843,
      13.854843080043793,
      33.57024520635605,
      37.4287605881691,
      13.656249463558197,
      12.32443755865097,
      26.717464447021484,
      16.90155118703842,
      26.399730503559113,
      29.491983115673065,
      13.782520949840546,
      41.75081688165665,
      0.0,
      44.643236219882965,
      7.6776505063753575
    ],
    [
      55.59137296676636,
      54.927001953125,
      8.712364535778761,
      48.863834857940674,
      48.623740792274475,
      48.960365533828735,
      48.96014702320099,
      55.735116481781006,
      7.214475631713867,
      48.96252405643463,
      49.147584557533264,
      56.261562168598175,
      42.52232480049133,
      39.975706458091736,
      54.86419367790222,
      48.954614996910095,
      3.65250825881958,
      44.643236219882965,
      0.0,
      47.33318424713798
    ],
    [
      37.62418318283744,
      41.84074019896798,
      38.62081971135922,
      5.999081139685586,
      5.108312969328836,
      6.1750323821324855,
      6.177192573668435,
      41.247895712731406,
      40.11870861542411,
      5.9785989571828395,
      4.646787052275613,
      34.22541350615211,
      19.76120066153817,
      29.25937997805886,
      37.16963362204842,
      6.104870443465188,
      44.44076490891166,
      7.6776505063753575,
      47.33318424713798,
      0.0
    ]
  ]
}