{
  "case_id": 5,
  "method": "pca",
  "dim": 9,
  "seeds": [
    0,
    1,
    2,
    3,
    4,
    5,
    6,
    7,
    8,
    9,
    10,
    11,
    12,
    13,
    14,
    15,
    16,
    17,
    18,
    19
  ],
  "model_paths": [
    "/mnt/home/tianyuez/landscape-v2/grid_world/models/gridworld_ppo_case_5_seed_0.pt",
    "/mnt/home/tianyuez/landscape-v2/grid_world/models/gridworld_ppo_case_5_seed_1.pt",
    "/mnt/home/tianyuez/landscape-v2/grid_world/models/gridworld_ppo_case_5_seed_2.pt",
    "/mnt/home/tianyuez/landscape-v2/grid_world/models/gridworld_ppo_case_5_seed_3.pt",
    "/mnt/home/tianyuez/landscape-v2/grid_world/models/gridworld_ppo_case_5_seed_4.pt",
    "/mnt/home/tianyuez/landscape-v2/grid_world/models/gridworld_ppo_case_5_seed_5.pt",
    "/mnt/home/tianyuez/landscape-v2/grid_world/models/gridworld_ppo_case_5_seed_6.pt",
    "/mnt/home/tianyuez/landscape-v2/grid_world/models/gridworld_ppo_case_5_seed_7.pt",
    "/mnt/home/tianyuez/landscape-v2/grid_world/models/gridworld_ppo_case_5_seed_8.pt",
    "/mnt/home/tianyuez/landscape-v2/grid_world/models/gridworld_ppo_case_5_seed_9.pt",
    "/mnt/home/tianyuez/landscape-v2/grid_world/models/gridworld_ppo_case_5_seed_10.pt",
    "/mnt/home/tianyuez/landscape-v2/grid_world/models/gridworld_ppo_case_5_seed_11.pt",
    "/mnt/home/tianyuez/landscape-v2/grid_world/models/gridworld_ppo_case_5_seed_12.pt",
    "/mnt/home/tianyuez/landscape-v2/grid_world/models/gridworld_ppo_case_5_seed_13.pt",
    "/mnt/home/tianyuez/landscape-v2/grid_world/models/gridworld_ppo_case_5_seed_14.pt",
    "/mnt/home/tianyuez/landscape-v2/grid_world/models/gridworld_ppo_case_5_seed_15.pt",
    "/mnt/home/tianyuez/landscape-v2/grid_world/models/gridworld_ppo_case_5_seed_16.pt",
    "/mnt/home/tianyuez/landscape-v2/grid_world/models/gridworld_ppo_case_5_seed_17.pt",
    "/mnt/home/tianyuez/landscape-v2/grid_world/models/gridworld_ppo_case_5_seed_18.pt",
    "/mnt/home/tianyuez/landscape-v2/grid_world/models/gridworld_ppo_case_5_seed_19.pt"
  ],
  "distance_norm": "l1",
  "distance_matrix": [
    [
      0.0,
      5.768914888780482,
      27.208899105464404,
      16.137659159127836,
      14.6591966299095,
      6.573119528576871,
      23.7238046543739,
      11.704610717407586,
      6.019801497611774,
      8.555743197590967,
      6.010381260208659,
      6.847064961079705,
      6.001501640170297,
      14.223665222197202,
      5.59993288132196,
      3.796693542305797,
      5.256930350826902,
      7.233757547652357,
      8.340870183764903,
      6.796176191794272
    ],
    [
      5.768914888780482,
      0.0,
      29.89132133478012,
      17.781585069726994,
      18.47475586449634,
      10.121612194834464,
      26.842939940423427,
      14.946902650460661,
      6.681366616858646,
      11.392992548214135,
      2.6277780518376543,
      4.082500855739577,
      5.654740480503138,
      14.630179171016378,
      7.391642290882691,
      6.604360658116732,
      2.0415682842411527,
      9.059418648414578,
      11.92343461074588,
      11.994569951331417
    ],
    [
      27.208899105464404,
      29.89132133478012,
      0.0,
      27.02635512805145,
      30.00144699382906,
      27.837278492275125,
      5.204789954466234,
      25.201733563647203,
      27.120874356635035,
      29.87615403738749,
      30.85369508309282,
      28.825932209580067,
      29.02411815332205,
      33.09316477774478,
      28.250201495946854,
      27.63293705767268,
      29.005492536046983,
      28.773876442442912,
      27.715048919082882,
      27.525519369875617
    ],
    [
      16.137659159127836,
      17.781585069726994,
      27.02635512805145,
      0.0,
      16.89545007941702,
      12.6116457786192,
      23.280767504330004,
      6.089662800486492,
      20.358433380546206,
      18.860521663261736,
      16.250464681464386,
      19.417305270437247,
      19.86580015876502,
      20.827182629904236,
      20.022955528445067,
      18.70234959201863,
      19.311184239675164,
      21.787691351512038,
      14.940322016211315,
      18.616780843272664
    ],
    [
      14.6591966299095,
      18.47475586449634,
      30.00144699382906,
      16.89545007941702,
      0.0,
      10.871556322158177,
      24.960353342228487,
      12.790360840263569,
      19.00667504492792,
      7.548510685482604,
      18.65529054933455,
      20.27310109039882,
      14.036146175980146,
      6.6342548579029925,
      13.916939226508124,
      13.690249597216845,
      18.08687299268551,
      18.158694492525708,
      6.807973477465883,
      10.070150624806665
    ],
    [
      6.573119528576871,
      10.121612194834464,
      27.837278492275125,
      12.6116457786192,
      10.871556322158177,
      0.0,
      22.697745232652284,
      8.896880555789112,
      10.761862131018072,
      6.9231073415004225,
      10.381563290564637,
      12.124753658368332,
      7.955267643194718,
      8.907765456615667,
      8.228525974083748,
      6.5806238467701395,
      9.76127578143181,
      10.648097009426145,
      4.412609487375799,
      6.57569194937359
    ],
    [
      23.7238046543739,
      26.842939940423427,
      5.204789954466234,
      23.280767504330004,
      24.960353342228487,
      22.697745232652284,
      0.0,
      21.669769496788604,
      25.415603528761526,
      24.79975132597476,
      27.284546694995758,
      25.54618114180694,
      24.563453403783026,
      28.645374439941993,
      23.385564237916622,
      22.852652936953003,
      25.91661383071784,
      25.656938351809746,
      22.925782190162213,
      22.74986866479506
    ],
    [
      11.704610717407586,
      14.946902650460661,
      25.201733563647203,
      6.089662800486492,
      12.790360840263569,
      8.896880555789112,
      21.669769496788604,
      0.0,
      16.257907172836546,
      15.11313181755916,
      15.452968657023836,
      16.7302198396656,
      15.888603595203595,
      16.996885546604442,
      16.07975271676751,
      14.765917180309282,
      15.360768159409252,
      17.60707554082347,
      11.034149559125899,
      14.44930065557232
    ],
    [
      6.019801497611774,
      6.681366616858646,
      27.120874356635035,
      20.358433380546206,
      19.00667504492792,
      10.761862131018072,
      25.415603528761526,
      16.257907172836546,
      0.0,
      11.872720202208265,
      6.204124700526482,
      3.8710956702527763,
      7.731279197908726,
      17.567066451794535,
      6.572950046792251,
      6.128519085244818,
      5.246984813274974,
      3.9249904846684776,
      12.792647205978195,
      10.14836733807602
    ],
    [
      8.555743197590967,
      11.392992548214135,
      29.87615403738749,
      18.860521663261736,
      7.548510685482604,
      6.9231073415004225,
      24.79975132597476,
      15.11313181755916,
      11.872720202208265,
      0.0,
      11.584509210364182,
      12.836047547732761,
      6.571053111140498,
      5.99792241017601,
      6.368428541025519,
      6.437773489306838,
      10.875404446695152,
      12.111593779235232,
      4.749953420893934,
      4.897093794414041
    ],
    [
      6.010381260208659,
      2.6277780518376543,
      30.85369508309282,
      16.250464681464386,
      18.65529054933455,
      10.381563290564637,
      27.284546694995758,
      15.452968657023836,
      6.204124700526482,
      11.584509210364182,
      0.0,
      4.052491860978871,
      7.391009651047411,
      16.880469218016405,
      7.68689419951995,
      6.6089337603311735,
      3.7339877352073887,
      9.243190742069615,
      12.374476448001989,
      12.213937982884138
    ],
    [
      6.847064961079705,
      4.082500855739577,
      28.825932209580067,
      19.417305270437247,
      20.27310109039882,
      12.124753658368332,
      25.54618114180694,
      16.7302198396656,
      3.8710956702527763,
      12.836047547732761,
      4.052491860978871,
      0.0,
      7.789196518260012,
      17.537468813505026,
      6.858754500975632,
      6.924784440605986,
      4.573156639091896,
      7.459097854742764,
      14.12561018589927,
      11.422690489160479
    ],
    [
      6.001501640170297,
      5.654740480503138,
      29.02411815332205,
      19.86580015876502,
      14.036146175980146,
      7.955267643194718,
      24.563453403783026,
      15.888603595203595,
      7.731279197908726,
      6.571053111140498,
      7.391009651047411,
      7.789196518260012,
      0.0,
      9.87084289024342,
      1.816067992909296,
      2.8463537626761797,
      4.7229876600268055,
      7.914513899710866,
      7.6407680115009935,
      7.179300990019071
    ],
    [
      14.223665222197202,
      14.630179171016378,
      33.09316477774478,
      20.827182629904236,
      6.6342548579029925,
      8.907765456615667,
      28.645374439941993,
      16.996885546604442,
      17.567066451794535,
      5.99792241017601,
      16.880469218016405,
      17.537468813505026,
      9.87084289024342,
      0.0,
      11.111806321741758,
      12.076545398675075,
      13.522526459345418,
      17.632921578167227,
      7.780286216738529,
      9.945894559368867
    ],
    [
      5.59993288132196,
      7.391642290882691,
      28.250201495946854,
      20.022955528445067,
      13.916939226508124,
      8.228525974083748,
      23.385564237916622,
      16.07975271676751,
      6.572950046792251,
      6.368428541025519,
      7.68689419951995,
      6.858754500975632,
      1.816067992909296,
      11.111806321741758,
      0.0,
      1.845774628515857,
      6.505813492149559,
      6.836171924898675,
      7.730217488434743,
      5.842125399177303
    ],
    [
      3.796693542305797,
      6.604360658116732,
      27.63293705767268,
      18.70234959201863,
      13.690249597216845,
      6.5806238467701395,
      22.852652936953003,
      14.765917180309282,
      6.128519085244818,
      6.437773489306838,
      6.6089337603311735,
      6.924784440605986,
      2.8463537626761797,
      12.076545398675075,
      1.845774628515857,
      0.0,
      5.734935525996953,
      6.342214433170466,
      7.349801246154091,
      5.778497679560224
    ],
    [
      5.256930350826902,
      2.0415682842411527,
      29.005492536046983,
      19.311184239675164,
      18.08687299268551,
      9.76127578143181,
      25.91661383071784,
      15.360768159409252,
      5.246984813274974,
      10.875404446695152,
      3.7339877352073887,
      4.573156639091896,
      4.7229876600268055,
      13.522526459345418,
      6.505813492149559,
      5.734935525996953,
      0.0,
      8.146953193815461,
      11.631242576487704,
      11.211968920483608
    ],
    [
      7.233757547652357,
      9.059418648414578,
      28.773876442442912,
      21.787691351512038,
      18.158694492525708,
      10.648097009426145,
      25.656938351809746,
      17.60707554082347,
      3.9249904846684776,
      12.111593779235232,
      9.243190742069615,
      7.459097854742764,
      7.914513899710866,
      17.632921578167227,
      6.836171924898675,
      6.342214433170466,
      8.146953193815461,
      0.0,
      12.680418621242977,
      8.548669803074262
    ],
    [
      8.340870183764903,
      11.92343461074588,
      27.715048919082882,
      14.940322016211315,
      6.807973477465883,
      4.412609487375799,
      22.925782190162213,
      11.034149559125899,
      12.792647205978195,
      4.749953420893934,
      12.374476448001989,
      14.12561018589927,
      7.6407680115009935,
      7.780286216738529,
      7.730217488434743,
      7.349801246154091,
      11.631242576487704,
      12.680418621242977,
      0.0,
      4.190388647005335
    ],
    [
      6.796176191794272,
      11.994569951331417,
      27.525519369875617,
      18.616780843272664,
      10.070150624806665,
      6.57569194937359,
      22.74986866479506,
      14.44930065557232,
      10.14836733807602,
      4.897093794414041,
      12.213937982884138,
      11.422690489160479,
      7.179300990019071,
      9.945894559368867,
      5.842125399177303,
      5.778497679560224,
      11.211968920483608,
      8.548669803074262,
      4.190388647005335,
      0.0
    ]
  ]
}