{
  "case_id": 3,
  "method": "pca",
  "dim": 6,
  "seeds": [
    0,
    1,
    2,
    3,
    4,
    5,
    6,
    7,
    8,
    9,
    10,
    11,
    12,
    13,
    14,
    15,
    16,
    17,
    18,
    19
  ],
  "model_paths": [
    "/mnt/home/tianyuez/landscape-v2/grid_world/models/gridworld_ppo_case_3_seed_0.pt",
    "/mnt/home/tianyuez/landscape-v2/grid_world/models/gridworld_ppo_case_3_seed_1.pt",
    "/mnt/home/tianyuez/landscape-v2/grid_world/models/gridworld_ppo_case_3_seed_2.pt",
    "/mnt/home/tianyuez/landscape-v2/grid_world/models/gridworld_ppo_case_3_seed_3.pt",
    "/mnt/home/tianyuez/landscape-v2/grid_world/models/gridworld_ppo_case_3_seed_4.pt",
    "/mnt/home/tianyuez/landscape-v2/grid_world/models/gridworld_ppo_case_3_seed_5.pt",
    "/mnt/home/tianyuez/landscape-v2/grid_world/models/gridworld_ppo_case_3_seed_6.pt",
    "/mnt/home/tianyuez/landscape-v2/grid_world/models/gridworld_ppo_case_3_seed_7.pt",
    "/mnt/home/tianyuez/landscape-v2/grid_world/models/gridworld_ppo_case_3_seed_8.pt",
    "/mnt/home/tianyuez/landscape-v2/grid_world/models/gridworld_ppo_case_3_seed_9.pt",
    "/mnt/home/tianyuez/landscape-v2/grid_world/models/gridworld_ppo_case_3_seed_10.pt",
    "/mnt/home/tianyuez/landscape-v2/grid_world/models/gridworld_ppo_case_3_seed_11.pt",
    "/mnt/home/tianyuez/landscape-v2/grid_world/models/gridworld_ppo_case_3_seed_12.pt",
    "/mnt/home/tianyuez/landscape-v2/grid_world/models/gridworld_ppo_case_3_seed_13.pt",
    "/mnt/home/tianyuez/landscape-v2/grid_world/models/gridworld_ppo_case_3_seed_14.pt",
    "/mnt/home/tianyuez/landscape-v2/grid_world/models/gridworld_ppo_case_3_seed_15.pt",
    "/mnt/home/tianyuez/landscape-v2/grid_world/models/gridworld_ppo_case_3_seed_16.pt",
    "/mnt/home/tianyuez/landscape-v2/grid_world/models/gridworld_ppo_case_3_seed_17.pt",
    "/mnt/home/tianyuez/landscape-v2/grid_world/models/gridworld_ppo_case_3_seed_18.pt",
    "/mnt/home/tianyuez/landscape-v2/grid_world/models/gridworld_ppo_case_3_seed_19.pt"
  ],
  "distance_norm": "l1",
  "distance_matrix": [
    [
      0.0,
      27.063715994358063,
      59.86091370694339,
      49.828428857028484,
      48.07046949863434,
      49.99548100680113,
      49.998392060399055,
      27.260630786418915,
      60.54798965156078,
      49.952618919312954,
      49.38294414244592,
      6.754929810762405,
      45.653221637010574,
      47.150462090969086,
      20.84265959262848,
      49.980776362121105,
      61.89022587239742,
      40.26596564799547,
      68.74012362957001,
      46.77965348097496
    ],
    [
      27.063715994358063,
      0.0,
      59.22488044388592,
      57.84206434339285,
      56.72562289237976,
      58.02748418599367,
      58.02771991491318,
      13.316656351089478,
      58.97857557237148,
      57.76461336761713,
      56.53659120760858,
      31.993241876363754,
      51.470833986997604,
      55.1710821390152,
      11.930296838283539,
      57.95244311541319,
      62.80393534898758,
      44.62531589716673,
      68.9550387263298,
      52.555219077738
    ],
    [
      59.86091370694339,
      59.22488044388592,
      0.0,
      50.69816510938108,
      51.13014448992908,
      50.71416783891618,
      50.71200640313327,
      58.983334289863706,
      10.399040369316936,
      50.580837523564696,
      49.84857306629419,
      60.84387479536235,
      42.46332551725209,
      44.60833035595715,
      55.70513658411801,
      50.65290786884725,
      13.408244071528316,
      46.622641080990434,
      30.330591512843966,
      46.52503287116997
    ],
    [
      49.828428857028484,
      57.84206434339285,
      50.69816510938108,
      0.0,
      1.9488367661833763,
      0.2570981979370117,
      0.2620590105652809,
      55.31387788802385,
      51.412714429199696,
      0.2390548288822174,
      1.5773154068738222,
      49.45035404711962,
      28.475515447556973,
      39.452026419341564,
      49.7064647898078,
      0.2510794997215271,
      46.79380203038454,
      18.210436061024666,
      63.71614947170019,
      7.137462346581742
    ],
    [
      48.07046949863434,
      56.72562289237976,
      51.13014448992908,
      1.9488367661833763,
      0.0,
      2.1947261169552803,
      2.1988521218299866,
      54.5395045876503,
      51.51323838531971,
      2.1337700858712196,
      1.7193155642598867,
      48.034462839365005,
      27.73303136229515,
      38.70954233407974,
      48.59002333879471,
      2.1800926849246025,
      46.34854847192764,
      16.603667445480824,
      62.79340070486069,
      5.7718803498428315
    ],
    [
      49.99548100680113,
      58.02748418599367,
      50.71416783891618,
      0.2570981979370117,
      2.1947261169552803,
      0.0,
      0.005332030355930328,
      55.499893851578236,
      51.46090645343065,
      0.26287081837654114,
      1.7432186175137758,
      49.61685337871313,
      28.52921887487173,
      39.50572984665632,
      49.89188463240862,
      0.07511228322982788,
      46.9381043240428,
      18.434748843312263,
      63.86045176535845,
      7.36117900791578
    ],
    [
      49.998392060399055,
      58.02771991491318,
      50.71200640313327,
      0.2620590105652809,
      2.1988521218299866,
      0.005332030355930328,
      0.0,
      55.500964388251305,
      51.45753899216652,
      0.2631065472960472,
      1.746500888839364,
      49.62097045779228,
      28.53048412501812,
      39.50699509680271,
      49.892120361328125,
      0.07830686122179031,
      46.940213307738304,
      18.440080873668194,
      63.862560749053955,
      7.365676230518147
    ],
    [
      27.260630786418915,
      13.316656351089478,
      58.983334289863706,
      55.31387788802385,
      54.5395045876503,
      55.499893851578236,
      55.500964388251305,
      0.0,
      65.71728600561619,
      55.27993569523096,
      54.186651373282075,
      29.20087108016014,
      48.513976722955704,
      52.89251005649567,
      15.572642028331757,
      55.433467514812946,
      61.720446303486824,
      41.489341489970684,
      72.55971628427505,
      50.161270388634875
    ],
    [
      60.54798965156078,
      58.97857557237148,
      10.399040369316936,
      51.412714429199696,
      51.51323838531971,
      51.46090645343065,
      51.45753899216652,
      65.71728600561619,
      0.0,
      51.41469792276621,
      51.5483429338783,
      63.66875694692135,
      49.37948240339756,
      51.52448724210262,
      59.54883997142315,
      51.45020795613527,
      14.864184781908989,
      51.72587742656469,
      31.17853419482708,
      50.88624349865131
    ],
    [
      49.952618919312954,
      57.76461336761713,
      50.580837523564696,
      0.2390548288822174,
      2.1337700858712196,
      0.26287081837654114,
      0.2631065472960472,
      55.27993569523096,
      51.41469792276621,
      0.0,
      1.5703220833092928,
      49.486869506537914,
      28.42485623806715,
      39.40136720985174,
      49.62901381403208,
      0.18782974779605865,
      46.94568219035864,
      18.28667102754116,
      63.86802963167429,
      7.170188530115411
    ],
    [
      49.38294414244592,
      56.53659120760858,
      49.84857306629419,
      1.5773154068738222,
      1.7193155642598867,
      1.7432186175137758,
      1.746500888839364,
      54.186651373282075,
      51.5483429338783,
      1.5703220833092928,
      0.0,
      48.051285261288285,
      27.37077427469194,
      38.34728524647653,
      48.40099165402353,
      1.6693377662450075,
      47.18196743167937,
      17.00630703754723,
      63.96981522999704,
      5.799095556838438
    ],
    [
      6.754929810762405,
      31.993241876363754,
      60.84387479536235,
      49.45035404711962,
      48.034462839365005,
      49.61685337871313,
      49.62097045779228,
      29.20087108016014,
      63.66875694692135,
      49.486869506537914,
      48.051285261288285,
      0.0,
      45.007623851299286,
      49.36248251795769,
      23.857642322778702,
      49.551587261259556,
      64.40299513936043,
      38.40182963758707,
      69.948671489954,
      45.31393957766704
    ],
    [
      45.653221637010574,
      51.470833986997604,
      42.46332551725209,
      28.475515447556973,
      27.73303136229515,
      28.52921887487173,
      28.53048412501812,
      48.513976722955704,
      49.37948240339756,
      28.42485623806715,
      27.37077427469194,
      45.007623851299286,
      0.0,
      10.976510971784592,
      46.15457287430763,
      28.460575602948666,
      42.17445941269398,
      20.706939600408077,
      55.69198849797249,
      22.27005555597134
    ],
    [
      47.150462090969086,
      55.1710821390152,
      44.60833035595715,
      39.452026419341564,
      38.70954233407974,
      39.50572984665632,
      39.50699509680271,
      52.89251005649567,
      51.52448724210262,
      39.40136720985174,
      38.34728524647653,
      49.36248251795769,
      10.976510971784592,
      0.0,
      49.854821026325226,
      39.43708657473326,
      45.115706369280815,
      31.63861357420683,
      53.90057843923569,
      33.24656652775593
    ],
    [
      20.84265959262848,
      11.930296838283539,
      55.70513658411801,
      49.7064647898078,
      48.59002333879471,
      49.89188463240862,
      49.892120361328125,
      15.572642028331757,
      59.54883997142315,
      49.62901381403208,
      48.40099165402353,
      23.857642322778702,
      46.15457287430763,
      49.854821026325226,
      0.0,
      49.816843561828136,
      59.2766193151474,
      38.08686976879835,
      72.05387353897095,
      44.41961952415295
    ],
    [
      49.980776362121105,
      57.95244311541319,
      50.65290786884725,
      0.2510794997215271,
      2.1800926849246025,
      0.07511228322982788,
      0.07830686122179031,
      55.433467514812946,
      51.45020795613527,
      0.18782974779605865,
      1.6693377662450075,
      49.551587261259556,
      28.460575602948666,
      39.43708657473326,
      49.816843561828136,
      0.0,
      46.92870847135782,
      18.369553938508034,
      63.85105591267347,
      7.287369369296357
    ],
    [
      61.89022587239742,
      62.80393534898758,
      13.408244071528316,
      46.79380203038454,
      46.34854847192764,
      46.9381043240428,
      46.940213307738304,
      61.720446303486824,
      14.864184781908989,
      46.94568219035864,
      47.18196743167937,
      64.40299513936043,
      42.17445941269398,
      45.115706369280815,
      59.2766193151474,
      46.92870847135782,
      0.0,
      45.50581190735102,
      17.682465448975563,
      44.756668767658994
    ],
    [
      40.26596564799547,
      44.62531589716673,
      46.622641080990434,
      18.210436061024666,
      16.603667445480824,
      18.434748843312263,
      18.440080873668194,
      41.489341489970684,
      51.72587742656469,
      18.28667102754116,
      17.00630703754723,
      38.40182963758707,
      20.706939600408077,
      31.63861357420683,
      38.08686976879835,
      18.369553938508034,
      45.50581190735102,
      0.0,
      55.56966907531023,
      11.207211480708793
    ],
    [
      68.74012362957001,
      68.9550387263298,
      30.330591512843966,
      63.71614947170019,
      62.79340070486069,
      63.86045176535845,
      63.862560749053955,
      72.55971628427505,
      31.17853419482708,
      63.86802963167429,
      63.96981522999704,
      69.948671489954,
      55.69198849797249,
      53.90057843923569,
      72.05387353897095,
      63.85105591267347,
      17.682465448975563,
      55.56966907531023,
      0.0,
      61.047109893290326
    ],
    [
      46.77965348097496,
      52.555219077738,
      46.52503287116997,
      7.137462346581742,
      5.7718803498428315,
      7.36117900791578,
      7.365676230518147,
      50.161270388634875,
      50.88624349865131,
      7.170188530115411,
      5.799095556838438,
      45.31393957766704,
      22.27005555597134,
      33.24656652775593,
      44.41961952415295,
      7.287369369296357,
      44.756668767658994,
      11.207211480708793,
      61.047109893290326,
      0.0
    ]
  ]
}