{
  "case_id": 4,
  "method": "pca",
  "dim": 6,
  "seeds": [
    0,
    1,
    2,
    3,
    4,
    5,
    6,
    7,
    8,
    9,
    10,
    11,
    12,
    13,
    14,
    15,
    16,
    17,
    18,
    19
  ],
  "model_paths": [
    "/mnt/home/tianyuez/landscape-v2/grid_world/models/gridworld_ppo_case_4_seed_0.pt",
    "/mnt/home/tianyuez/landscape-v2/grid_world/models/gridworld_ppo_case_4_seed_1.pt",
    "/mnt/home/tianyuez/landscape-v2/grid_world/models/gridworld_ppo_case_4_seed_2.pt",
    "/mnt/home/tianyuez/landscape-v2/grid_world/models/gridworld_ppo_case_4_seed_3.pt",
    "/mnt/home/tianyuez/landscape-v2/grid_world/models/gridworld_ppo_case_4_seed_4.pt",
    "/mnt/home/tianyuez/landscape-v2/grid_world/models/gridworld_ppo_case_4_seed_5.pt",
    "/mnt/home/tianyuez/landscape-v2/grid_world/models/gridworld_ppo_case_4_seed_6.pt",
    "/mnt/home/tianyuez/landscape-v2/grid_world/models/gridworld_ppo_case_4_seed_7.pt",
    "/mnt/home/tianyuez/landscape-v2/grid_world/models/gridworld_ppo_case_4_seed_8.pt",
    "/mnt/home/tianyuez/landscape-v2/grid_world/models/gridworld_ppo_case_4_seed_9.pt",
    "/mnt/home/tianyuez/landscape-v2/grid_world/models/gridworld_ppo_case_4_seed_10.pt",
    "/mnt/home/tianyuez/landscape-v2/grid_world/models/gridworld_ppo_case_4_seed_11.pt",
    "/mnt/home/tianyuez/landscape-v2/grid_world/models/gridworld_ppo_case_4_seed_12.pt",
    "/mnt/home/tianyuez/landscape-v2/grid_world/models/gridworld_ppo_case_4_seed_13.pt",
    "/mnt/home/tianyuez/landscape-v2/grid_world/models/gridworld_ppo_case_4_seed_14.pt",
    "/mnt/home/tianyuez/landscape-v2/grid_world/models/gridworld_ppo_case_4_seed_15.pt",
    "/mnt/home/tianyuez/landscape-v2/grid_world/models/gridworld_ppo_case_4_seed_16.pt",
    "/mnt/home/tianyuez/landscape-v2/grid_world/models/gridworld_ppo_case_4_seed_17.pt",
    "/mnt/home/tianyuez/landscape-v2/grid_world/models/gridworld_ppo_case_4_seed_18.pt",
    "/mnt/home/tianyuez/landscape-v2/grid_world/models/gridworld_ppo_case_4_seed_19.pt"
  ],
  "distance_norm": "l1",
  "distance_matrix": [
    [
      0.0,
      46.38143315559766,
      43.162761455469564,
      30.17233120454051,
      40.36084636104218,
      31.95383803631538,
      4.347564726214851,
      49.33400816007649,
      15.201718096153098,
      35.403969623105404,
      6.5548265683601485,
      48.42912400146479,
      25.429090700821707,
      33.93007116006322,
      45.64173861848786,
      30.353675163394666,
      36.22641503466526,
      55.344496760372614,
      6.783632743568704,
      42.784147390396825
    ],
    [
      46.38143315559766,
      0.0,
      54.36267349336464,
      34.57063411797477,
      36.36516216410964,
      33.59817584009954,
      45.31700617093915,
      23.599376603712436,
      43.40752079355319,
      37.92939582012503,
      46.43458961281506,
      10.996234824749278,
      47.19394176506428,
      42.692829357794956,
      17.763316976771257,
      34.440891130541516,
      55.3131247423464,
      30.076784681218882,
      40.90704342995292,
      42.11386994016386
    ],
    [
      43.162761455469564,
      54.36267349336464,
      0.0,
      55.52288383316124,
      67.46986345561658,
      57.67397914078034,
      38.83592648446882,
      52.674103782425874,
      42.8487460769965,
      64.42603858287961,
      46.94721893939786,
      57.6940433141971,
      32.99395901239036,
      59.83396810269399,
      50.72065843458169,
      58.32691811233582,
      9.721869810752642,
      52.5798060445116,
      41.391763540076035,
      63.83158693710124
    ],
    [
      30.17233120454051,
      34.57063411797477,
      55.52288383316124,
      0.0,
      16.42078419910019,
      6.677975791974062,
      31.636621873142627,
      38.895532149659665,
      42.14270769849836,
      10.66621722549821,
      28.621832057512552,
      38.758704462822365,
      45.45886297901505,
      9.742583959389261,
      25.930573495462447,
      5.1832573130861075,
      53.26806506109592,
      40.84105530507033,
      30.71083863747058,
      19.426927970793532
    ],
    [
      40.36084636104218,
      36.36516216410964,
      67.46986345561658,
      16.42078419910019,
      0.0,
      20.35636057440397,
      40.95118767946547,
      38.16519451262283,
      48.55337225847226,
      7.3829236144985835,
      41.18104056139048,
      36.97765673773822,
      52.40587020159208,
      20.723191739784063,
      37.55869829987575,
      11.2872650138974,
      57.747993644863925,
      36.97675466495828,
      46.10602175352196,
      25.858725333152197
    ],
    [
      31.95383803631538,
      33.59817584009954,
      57.67397914078034,
      6.677975791974062,
      20.35636057440397,
      0.0,
      32.88531586518811,
      41.67009891465263,
      42.799408943597804,
      15.399483836467196,
      30.403338889287422,
      40.4084656411399,
      47.24036981078993,
      15.42749981814524,
      24.869781422609247,
      9.652434786635233,
      54.827167621768965,
      43.61562207006328,
      30.578965925860196,
      14.518022536410196
    ],
    [
      4.347564726214851,
      45.31700617093915,
      38.83592648446882,
      31.636621873142627,
      40.95118767946547,
      32.88531586518811,
      0.0,
      52.25143928184173,
      15.125371866935414,
      37.174510459524214,
      10.65392336860426,
      49.44579099910906,
      26.286509269937685,
      34.40435537613878,
      45.90901441902088,
      31.35303896424734,
      34.75201434867392,
      58.48966605289449,
      8.232574222580586,
      43.16748029327758
    ],
    [
      49.33400816007649,
      23.599376603712436,
      52.674103782425874,
      38.895532149659665,
      38.16519451262283,
      41.67009891465263,
      52.25143928184173,
      0.0,
      54.99179690028219,
      38.274945133829924,
      51.008611735020786,
      15.16041533158443,
      45.664591022171265,
      44.43363903813348,
      27.824612195779583,
      36.060599087401776,
      44.69329141449969,
      6.492086301258913,
      54.14027086225488,
      49.923782050516174
    ],
    [
      15.201718096153098,
      43.40752079355319,
      42.8487460769965,
      42.14270769849836,
      48.55337225847226,
      42.799408943597804,
      15.125371866935414,
      54.99179690028219,
      0.0,
      48.748807410780294,
      18.152721966820504,
      45.528352025928676,
      24.03800632287695,
      49.13178925621632,
      50.11154878000178,
      44.12707211321388,
      36.659976286691666,
      60.067816050693615,
      18.68684255943305,
      47.61181805572404
    ],
    [
      35.403969623105404,
      37.92939582012503,
      64.42603858287961,
      10.66621722549821,
      7.3829236144985835,
      15.399483836467196,
      37.174510459524214,
      38.274945133829924,
      48.748807410780294,
      0.0,
      36.224163823453715,
      39.977086665992154,
      51.83248714989996,
      13.611790411964428,
      32.601821561938976,
      6.0991204705437925,
      56.98671055448606,
      38.487894213260375,
      41.149145015585184,
      26.98488884774528
    ],
    [
      6.5548265683601485,
      46.43458961281506,
      46.94721893939786,
      28.621832057512552,
      41.18104056139048,
      30.403338889287422,
      10.65392336860426,
      51.008611735020786,
      18.152721966820504,
      36.224163823453715,
      0.0,
      48.755422421474265,
      25.886344803173266,
      31.7257580011685,
      41.95779914383925,
      31.57354510079856,
      42.356106658990356,
      54.22219425225779,
      8.560508793484377,
      42.87140598676393
    ],
    [
      48.42912400146479,
      10.996234824749278,
      57.6940433141971,
      38.758704462822365,
      36.97765673773822,
      40.4084656411399,
      49.44579099910906,
      15.16041533158443,
      45.528352025928676,
      39.977086665992154,
      48.755422421474265,
      0.0,
      49.2416326109314,
      47.13374095331033,
      28.494406466526993,
      36.6162752276004,
      53.38079119281013,
      21.63782340909088,
      51.19443834189469,
      48.74332045807109
    ],
    [
      25.429090700821707,
      47.19394176506428,
      32.99395901239036,
      45.45886297901505,
      52.40587020159208,
      47.24036981078993,
      26.286509269937685,
      45.664591022171265,
      24.03800632287695,
      51.83248714989996,
      25.886344803173266,
      49.2416326109314,
      0.0,
      47.437387198148386,
      35.32488474846863,
      47.285174297778454,
      25.309332308739926,
      42.94489969021746,
      29.756316008591376,
      51.10169725586033
    ],
    [
      33.93007116006322,
      42.692829357794956,
      59.83396810269399,
      9.742583959389261,
      20.723191739784063,
      15.42749981814524,
      34.40435537613878,
      44.43363903813348,
      49.13178925621632,
      13.611790411964428,
      31.7257580011685,
      47.13374095331033,
      47.437387198148386,
      0.0,
      30.538068310043624,
      10.517465725709927,
      55.859903770467376,
      41.93850964990965,
      35.9015243880755,
      27.76124325691073
    ],
    [
      45.64173861848786,
      17.763316976771257,
      50.72065843458169,
      25.930573495462447,
      37.55869829987575,
      24.869781422609247,
      45.90901441902088,
      27.824612195779583,
      50.11154878000178,
      32.601821561938976,
      41.95779914383925,
      28.494406466526993,
      35.32488474846863,
      30.538068310043624,
      0.0,
      27.138634325422686,
      51.79464660428571,
      26.506309790920803,
      39.77873815898076,
      35.35929139788814
    ],
    [
      30.353675163394666,
      34.440891130541516,
      58.32691811233582,
      5.1832573130861075,
      11.2872650138974,
      9.652434786635233,
      31.35303896424734,
      36.060599087401776,
      44.12707211321388,
      6.0991204705437925,
      31.57354510079856,
      36.6162752276004,
      47.285174297778454,
      10.517465725709927,
      27.138634325422686,
      0.0,
      52.08732628165272,
      37.04533993726104,
      35.402095965753226,
      22.08550457491195
    ],
    [
      36.22641503466526,
      55.3131247423464,
      9.721869810752642,
      53.26806506109592,
      57.747993644863925,
      54.827167621768965,
      34.75201434867392,
      44.69329141449969,
      36.659976286691666,
      56.98671055448606,
      42.356106658990356,
      53.38079119281013,
      25.309332308739926,
      55.859903770467376,
      51.79464660428571,
      52.08732628165272,
      0.0,
      43.64745415060676,
      42.984588571254505,
      57.86708636025139
    ],
    [
      55.344496760372614,
      30.076784681218882,
      52.5798060445116,
      40.84105530507033,
      36.97675466495828,
      43.61562207006328,
      58.48966605289449,
      6.492086301258913,
      60.067816050693615,
      38.487894213260375,
      54.22219425225779,
      21.63782340909088,
      42.94489969021746,
      41.93850964990965,
      26.506309790920803,
      37.04533993726104,
      43.64745415060676,
      0.0,
      60.52234349251584,
      50.46791627883182
    ],
    [
      6.783632743568704,
      40.90704342995292,
      41.391763540076035,
      30.71083863747058,
      46.10602175352196,
      30.578965925860196,
      8.232574222580586,
      54.14027086225488,
      18.68684255943305,
      41.149145015585184,
      8.560508793484377,
      51.19443834189469,
      29.756316008591376,
      35.9015243880755,
      39.77873815898076,
      35.402095965753226,
      42.984588571254505,
      60.52234349251584,
      0.0,
      42.403287317557485
    ],
    [
      42.784147390396825,
      42.11386994016386,
      63.83158693710124,
      19.426927970793532,
      25.858725333152197,
      14.518022536410196,
      43.16748029327758,
      49.923782050516174,
      47.61181805572404,
      26.98488884774528,
      42.87140598676393,
      48.74332045807109,
      51.10169725586033,
      27.76124325691073,
      35.35929139788814,
      22.08550457491195,
      57.86708636025139,
      50.46791627883182,
      42.403287317557485,
      0.0
    ]
  ]
}