{
  "case_id": 3,
  "method": "pca",
  "dim": 2,
  "seeds": [
    0,
    1,
    2,
    3,
    4,
    5,
    6,
    7,
    8,
    9,
    10,
    11,
    12,
    13,
    14,
    15,
    16,
    17,
    18,
    19
  ],
  "model_paths": [
    "/mnt/home/tianyuez/landscape-v2/grid_world/models/gridworld_ppo_case_3_seed_0.pt",
    "/mnt/home/tianyuez/landscape-v2/grid_world/models/gridworld_ppo_case_3_seed_1.pt",
    "/mnt/home/tianyuez/landscape-v2/grid_world/models/gridworld_ppo_case_3_seed_2.pt",
    "/mnt/home/tianyuez/landscape-v2/grid_world/models/gridworld_ppo_case_3_seed_3.pt",
    "/mnt/home/tianyuez/landscape-v2/grid_world/models/gridworld_ppo_case_3_seed_4.pt",
    "/mnt/home/tianyuez/landscape-v2/grid_world/models/gridworld_ppo_case_3_seed_5.pt",
    "/mnt/home/tianyuez/landscape-v2/grid_world/models/gridworld_ppo_case_3_seed_6.pt",
    "/mnt/home/tianyuez/landscape-v2/grid_world/models/gridworld_ppo_case_3_seed_7.pt",
    "/mnt/home/tianyuez/landscape-v2/grid_world/models/gridworld_ppo_case_3_seed_8.pt",
    "/mnt/home/tianyuez/landscape-v2/grid_world/models/gridworld_ppo_case_3_seed_9.pt",
    "/mnt/home/tianyuez/landscape-v2/grid_world/models/gridworld_ppo_case_3_seed_10.pt",
    "/mnt/home/tianyuez/landscape-v2/grid_world/models/gridworld_ppo_case_3_seed_11.pt",
    "/mnt/home/tianyuez/landscape-v2/grid_world/models/gridworld_ppo_case_3_seed_12.pt",
    "/mnt/home/tianyuez/landscape-v2/grid_world/models/gridworld_ppo_case_3_seed_13.pt",
    "/mnt/home/tianyuez/landscape-v2/grid_world/models/gridworld_ppo_case_3_seed_14.pt",
    "/mnt/home/tianyuez/landscape-v2/grid_world/models/gridworld_ppo_case_3_seed_15.pt",
    "/mnt/home/tianyuez/landscape-v2/grid_world/models/gridworld_ppo_case_3_seed_16.pt",
    "/mnt/home/tianyuez/landscape-v2/grid_world/models/gridworld_ppo_case_3_seed_17.pt",
    "/mnt/home/tianyuez/landscape-v2/grid_world/models/gridworld_ppo_case_3_seed_18.pt",
    "/mnt/home/tianyuez/landscape-v2/grid_world/models/gridworld_ppo_case_3_seed_19.pt"
  ],
  "distance_norm": "l1",
  "distance_matrix": [
    [
      0.0,
      4.640593409538269,
      48.753753542900085,
      39.81067621707916,
      38.54979193210602,
      40.003031849861145,
      40.004990220069885,
      4.524027228355408,
      47.76346814632416,
      39.8715626001358,
      39.040138840675354,
      2.7878239452838898,
      29.633101105690002,
      29.057526469230652,
      3.2937463521957397,
      39.9624582529068,
      51.605862498283386,
      28.13298237323761,
      54.87831485271454,
      35.725790143013
    ],
    [
      4.640593409538269,
      0.0,
      44.113160133361816,
      43.84779596328735,
      42.58691167831421,
      44.040151596069336,
      44.042109966278076,
      1.2843823432922363,
      43.12287473678589,
      43.908682346343994,
      43.077258586883545,
      6.824943691492081,
      33.67022085189819,
      33.09464621543884,
      3.2614245414733887,
      43.99957799911499,
      46.96526908874512,
      32.1701021194458,
      50.23772144317627,
      39.76290988922119
    ],
    [
      48.753753542900085,
      44.113160133361816,
      0.0,
      42.04189348220825,
      41.79648542404175,
      42.12201976776123,
      42.12198781967163,
      44.22972631454468,
      2.082170009613037,
      42.059134006500244,
      41.743924617767334,
      48.8129588663578,
      26.51585817337036,
      25.94028353691101,
      45.460007190704346,
      42.08668661117554,
      2.852108955383301,
      35.822272300720215,
      6.124561309814453,
      38.597055435180664
    ],
    [
      39.81067621707916,
      43.84779596328735,
      42.04189348220825,
      0.0,
      1.2608842849731445,
      0.19235563278198242,
      0.19431400299072266,
      42.56341361999512,
      41.051608085632324,
      0.060886383056640625,
      0.7705373764038086,
      37.02285227179527,
      15.730876922607422,
      21.753272771835327,
      40.586371421813965,
      0.15178203582763672,
      44.89400243759155,
      11.677693843841553,
      48.166454792022705,
      4.084886074066162
    ],
    [
      38.54979193210602,
      42.58691167831421,
      41.79648542404175,
      1.2608842849731445,
      0.0,
      1.453239917755127,
      1.4551982879638672,
      41.30252933502197,
      40.80620002746582,
      1.3217706680297852,
      0.49034690856933594,
      35.76196798682213,
      15.485468864440918,
      21.507864713668823,
      39.32548713684082,
      1.4126663208007812,
      44.64859437942505,
      10.416809558868408,
      47.9210467338562,
      3.199429988861084
    ],
    [
      40.003031849861145,
      44.040151596069336,
      42.12201976776123,
      0.19235563278198242,
      1.453239917755127,
      0.0,
      0.0019583702087402344,
      42.7557692527771,
      41.1317343711853,
      0.1314692497253418,
      0.962893009185791,
      37.215207904577255,
      15.8110032081604,
      21.833399057388306,
      40.77872705459595,
      0.0405735969543457,
      44.97412872314453,
      11.870049476623535,
      48.246581077575684,
      4.2772417068481445
    ],
    [
      40.004990220069885,
      44.042109966278076,
      42.12198781967163,
      0.19431400299072266,
      1.4551982879638672,
      0.0019583702087402344,
      0.0,
      42.75772762298584,
      41.1317024230957,
      0.13342761993408203,
      0.9648513793945312,
      37.217166274785995,
      15.8109712600708,
      21.833367109298706,
      40.78068542480469,
      0.04253196716308594,
      44.97409677505493,
      11.872007846832275,
      48.246549129486084,
      4.279200077056885
    ],
    [
      4.524027228355408,
      1.2843823432922363,
      44.22972631454468,
      42.56341361999512,
      41.30252933502197,
      42.7557692527771,
      42.75772762298584,
      0.0,
      43.23944091796875,
      42.62430000305176,
      41.79287624359131,
      5.540561348199844,
      32.38583850860596,
      31.810263872146606,
      1.9770421981811523,
      42.715195655822754,
      47.08183526992798,
      30.885719776153564,
      50.35428762435913,
      38.478527545928955
    ],
    [
      47.76346814632416,
      43.12287473678589,
      2.082170009613037,
      41.051608085632324,
      40.80620002746582,
      41.1317343711853,
      41.1317024230957,
      43.23944091796875,
      0.0,
      41.068848609924316,
      40.753639221191406,
      47.822673469781876,
      28.5980281829834,
      28.022453546524048,
      44.46972179412842,
      41.09640121459961,
      3.8423943519592285,
      34.83198690414429,
      7.114846706390381,
      37.606770038604736
    ],
    [
      39.8715626001358,
      43.908682346343994,
      42.059134006500244,
      0.060886383056640625,
      1.3217706680297852,
      0.1314692497253418,
      0.13342761993408203,
      42.62430000305176,
      41.068848609924316,
      0.0,
      0.8314237594604492,
      37.08373865485191,
      15.748117446899414,
      21.77051329612732,
      40.647257804870605,
      0.0908956527709961,
      44.911242961883545,
      11.738580226898193,
      48.1836953163147,
      4.145772457122803
    ],
    [
      39.040138840675354,
      43.077258586883545,
      41.743924617767334,
      0.7705373764038086,
      0.49034690856933594,
      0.962893009185791,
      0.9648513793945312,
      41.79287624359131,
      40.753639221191406,
      0.8314237594604492,
      0.0,
      36.252314895391464,
      15.432908058166504,
      21.45530390739441,
      39.815834045410156,
      0.9223194122314453,
      44.596033573150635,
      10.907156467437744,
      47.86848592758179,
      3.3143486976623535
    ],
    [
      2.7878239452838898,
      6.824943691492081,
      48.8129588663578,
      37.02285227179527,
      35.76196798682213,
      37.215207904577255,
      37.217166274785995,
      5.540561348199844,
      47.822673469781876,
      37.08373865485191,
      36.252314895391464,
      0.0,
      26.845277160406113,
      28.52433815598488,
      3.563519150018692,
      37.17463430762291,
      51.665067821741104,
      25.34515842795372,
      54.93752017617226,
      32.93796619772911
    ],
    [
      29.633101105690002,
      33.67022085189819,
      26.51585817337036,
      15.730876922607422,
      15.485468864440918,
      15.8110032081604,
      15.8109712600708,
      32.38583850860596,
      28.5980281829834,
      15.748117446899414,
      15.432908058166504,
      26.845277160406113,
      0.0,
      6.022395849227905,
      30.408796310424805,
      15.775670051574707,
      29.16312551498413,
      9.511255741119385,
      32.43557786941528,
      12.286038875579834
    ],
    [
      29.057526469230652,
      33.09464621543884,
      25.94028353691101,
      21.753272771835327,
      21.507864713668823,
      21.833399057388306,
      21.833367109298706,
      31.810263872146606,
      28.022453546524048,
      21.77051329612732,
      21.45530390739441,
      28.52433815598488,
      6.022395849227905,
      0.0,
      29.833221673965454,
      21.798065900802612,
      27.150289297103882,
      15.53365159034729,
      26.413182020187378,
      18.30843472480774
    ],
    [
      3.2937463521957397,
      3.2614245414733887,
      45.460007190704346,
      40.586371421813965,
      39.32548713684082,
      40.77872705459595,
      40.78068542480469,
      1.9770421981811523,
      44.46972179412842,
      40.647257804870605,
      39.815834045410156,
      3.563519150018692,
      30.408796310424805,
      29.833221673965454,
      0.0,
      40.7381534576416,
      48.31211614608765,
      28.908677577972412,
      51.5845685005188,
      36.5014853477478
    ],
    [
      39.9624582529068,
      43.99957799911499,
      42.08668661117554,
      0.15178203582763672,
      1.4126663208007812,
      0.0405735969543457,
      0.04253196716308594,
      42.715195655822754,
      41.09640121459961,
      0.0908956527709961,
      0.9223194122314453,
      37.17463430762291,
      15.775670051574707,
      21.798065900802612,
      40.7381534576416,
      0.0,
      44.93879556655884,
      11.82947587966919,
      48.21124792098999,
      4.236668109893799
    ],
    [
      51.605862498283386,
      46.96526908874512,
      2.852108955383301,
      44.89400243759155,
      44.64859437942505,
      44.97412872314453,
      44.97409677505493,
      47.08183526992798,
      3.8423943519592285,
      44.911242961883545,
      44.596033573150635,
      51.665067821741104,
      29.16312551498413,
      27.150289297103882,
      48.31211614608765,
      44.93879556655884,
      0.0,
      38.674381256103516,
      3.2724523544311523,
      41.449164390563965
    ],
    [
      28.13298237323761,
      32.1701021194458,
      35.822272300720215,
      11.677693843841553,
      10.416809558868408,
      11.870049476623535,
      11.872007846832275,
      30.885719776153564,
      34.83198690414429,
      11.738580226898193,
      10.907156467437744,
      25.34515842795372,
      9.511255741119385,
      15.53365159034729,
      28.908677577972412,
      11.82947587966919,
      38.674381256103516,
      0.0,
      41.94683361053467,
      7.592807769775391
    ],
    [
      54.87831485271454,
      50.23772144317627,
      6.124561309814453,
      48.166454792022705,
      47.9210467338562,
      48.246581077575684,
      48.246549129486084,
      50.35428762435913,
      7.114846706390381,
      48.1836953163147,
      47.86848592758179,
      54.93752017617226,
      32.43557786941528,
      26.413182020187378,
      51.5845685005188,
      48.21124792098999,
      3.2724523544311523,
      41.94683361053467,
      0.0,
      44.72161674499512
    ],
    [
      35.725790143013,
      39.76290988922119,
      38.597055435180664,
      4.084886074066162,
      3.199429988861084,
      4.2772417068481445,
      4.279200077056885,
      38.478527545928955,
      37.606770038604736,
      4.145772457122803,
      3.3143486976623535,
      32.93796619772911,
      12.286038875579834,
      18.30843472480774,
      36.5014853477478,
      4.236668109893799,
      41.449164390563965,
      7.592807769775391,
      44.72161674499512,
      0.0
    ]
  ]
}