{
  "case_id": 2,
  "method": "pca",
  "dim": 2,
  "seeds": [
    0,
    1,
    2,
    3,
    4,
    5,
    6,
    7,
    8,
    9
  ],
  "model_paths": [
    "/mnt/home/tianyuez/landscape-v2/grid_world/models/gridworld_ppo_case_2_seed_0.pt",
    "/mnt/home/tianyuez/landscape-v2/grid_world/models/gridworld_ppo_case_2_seed_1.pt",
    "/mnt/home/tianyuez/landscape-v2/grid_world/models/gridworld_ppo_case_2_seed_2.pt",
    "/mnt/home/tianyuez/landscape-v2/grid_world/models/gridworld_ppo_case_2_seed_3.pt",
    "/mnt/home/tianyuez/landscape-v2/grid_world/models/gridworld_ppo_case_2_seed_4.pt",
    "/mnt/home/tianyuez/landscape-v2/grid_world/models/gridworld_ppo_case_2_seed_5.pt",
    "/mnt/home/tianyuez/landscape-v2/grid_world/models/gridworld_ppo_case_2_seed_6.pt",
    "/mnt/home/tianyuez/landscape-v2/grid_world/models/gridworld_ppo_case_2_seed_7.pt",
    "/mnt/home/tianyuez/landscape-v2/grid_world/models/gridworld_ppo_case_2_seed_8.pt",
    "/mnt/home/tianyuez/landscape-v2/grid_world/models/gridworld_ppo_case_2_seed_9.pt"
  ],
  "distance_matrix": [
    [
      0.0,
      4.112718913598258,
      8.629073256971639,
      28.614387456183575,
      1.2144928312504222,
      2.9294482792400305,
      29.7076522413696,
      14.281508077469553,
      10.417842247576099,
      29.527646888286103
    ],
    [
      4.112718913598258,
      0.0,
      11.759222900683737,
      29.275909155313943,
      4.046615084859329,
      6.848234337199427,
      30.538222990408165,
      16.48358532738445,
      6.517502828214554,
      30.335282832696794
    ],
    [
      8.629073256971639,
      11.759222900683737,
      0.0,
      22.237157171015063,
      9.702418454760219,
      5.994551061920573,
      23.018024998708174,
      6.416501137161727,
      18.2147419898048,
      22.880292364501017
    ],
    [
      28.614387456183575,
      29.275909155313943,
      22.237157171015063,
      0.0,
      29.82157117789615,
      27.150149036256238,
      1.7078507061223933,
      16.026009503334873,
      33.589384591799075,
      1.4514957607908268
    ],
    [
      1.2144928312504222,
      4.046615084859329,
      9.702418454760219,
      29.82157117789615,
      0.0,
      3.812236021014923,
      30.919522301943548,
      15.46268167237203,
      9.943205763572395,
      30.739011316765406
    ],
    [
      2.9294482792400305,
      6.848234337199427,
      5.994551061920573,
      27.150149036256238,
      3.812236021014923,
      0.0,
      28.123648096624276,
      12.071674861648805,
      13.28974272864233,
      27.96000050357906
    ],
    [
      29.7076522413696,
      30.538222990408165,
      23.018024998708174,
      1.7078507061223933,
      30.919522301943548,
      28.123648096624276,
      0.0,
      16.697654041793385,
      35.00989714159834,
      0.2569417858720669
    ],
    [
      14.281508077469553,
      16.48358532738445,
      6.416501137161727,
      16.026009503334873,
      15.46268167237203,
      12.071674861648805,
      16.697654041793385,
      0.0,
      22.455654978562052,
      16.572831689966158
    ],
    [
      10.417842247576099,
      6.517502828214554,
      18.2147419898048,
      33.589384591799075,
      9.943205763572395,
      13.28974272864233,
      35.00989714159834,
      22.455654978562052,
      0.0,
      34.786200533890096
    ],
    [
      29.527646888286103,
      30.335282832696794,
      22.880292364501017,
      1.4514957607908268,
      30.739011316765406,
      27.96000050357906,
      0.2569417858720669,
      16.572831689966158,
      34.786200533890096,
      0.0
    ]
  ]
}