{
  "case_id": 3,
  "method": "pca",
  "dim": 6,
  "seeds": [
    0,
    1,
    2,
    3,
    4,
    5,
    6,
    7,
    8,
    9,
    10,
    11,
    12,
    13,
    14,
    15,
    16,
    17,
    18,
    19
  ],
  "model_paths": [
    "/mnt/home/tianyuez/landscape-v2/grid_world/models/gridworld_ppo_case_3_seed_0.pt",
    "/mnt/home/tianyuez/landscape-v2/grid_world/models/gridworld_ppo_case_3_seed_1.pt",
    "/mnt/home/tianyuez/landscape-v2/grid_world/models/gridworld_ppo_case_3_seed_2.pt",
    "/mnt/home/tianyuez/landscape-v2/grid_world/models/gridworld_ppo_case_3_seed_3.pt",
    "/mnt/home/tianyuez/landscape-v2/grid_world/models/gridworld_ppo_case_3_seed_4.pt",
    "/mnt/home/tianyuez/landscape-v2/grid_world/models/gridworld_ppo_case_3_seed_5.pt",
    "/mnt/home/tianyuez/landscape-v2/grid_world/models/gridworld_ppo_case_3_seed_6.pt",
    "/mnt/home/tianyuez/landscape-v2/grid_world/models/gridworld_ppo_case_3_seed_7.pt",
    "/mnt/home/tianyuez/landscape-v2/grid_world/models/gridworld_ppo_case_3_seed_8.pt",
    "/mnt/home/tianyuez/landscape-v2/grid_world/models/gridworld_ppo_case_3_seed_9.pt",
    "/mnt/home/tianyuez/landscape-v2/grid_world/models/gridworld_ppo_case_3_seed_10.pt",
    "/mnt/home/tianyuez/landscape-v2/grid_world/models/gridworld_ppo_case_3_seed_11.pt",
    "/mnt/home/tianyuez/landscape-v2/grid_world/models/gridworld_ppo_case_3_seed_12.pt",
    "/mnt/home/tianyuez/landscape-v2/grid_world/models/gridworld_ppo_case_3_seed_13.pt",
    "/mnt/home/tianyuez/landscape-v2/grid_world/models/gridworld_ppo_case_3_seed_14.pt",
    "/mnt/home/tianyuez/landscape-v2/grid_world/models/gridworld_ppo_case_3_seed_15.pt",
    "/mnt/home/tianyuez/landscape-v2/grid_world/models/gridworld_ppo_case_3_seed_16.pt",
    "/mnt/home/tianyuez/landscape-v2/grid_world/models/gridworld_ppo_case_3_seed_17.pt",
    "/mnt/home/tianyuez/landscape-v2/grid_world/models/gridworld_ppo_case_3_seed_18.pt",
    "/mnt/home/tianyuez/landscape-v2/grid_world/models/gridworld_ppo_case_3_seed_19.pt"
  ],
  "distance_matrix": [
    [
      0.0,
      14.145459130332481,
      34.96147657748727,
      30.14493657714468,
      29.16255407607918,
      30.266876877970912,
      30.26866606277905,
      12.025604746406751,
      34.98225268783335,
      30.185547888570998,
      29.577902714146713,
      2.842993836549456,
      28.838941808360186,
      32.28559093602303,
      10.36683263287486,
      30.241659968530286,
      36.4529817024161,
      23.849835864894416,
      40.21053231715999,
      27.71091440589687
    ],
    [
      14.145459130332481,
      0.0,
      32.349229705548034,
      32.4252013553116,
      31.496858177219806,
      32.55578493787173,
      32.55709767559035,
      7.892141149552012,
      31.25251066150077,
      32.445324100463154,
      31.793238233913996,
      16.20907179230772,
      28.992758621049823,
      31.81098402183911,
      5.012462705333028,
      32.52351820547849,
      33.78418443949221,
      25.119682238001143,
      38.25311303061044,
      29.644154233670374
    ],
    [
      34.96147657748727,
      32.349229705548034,
      0.0,
      39.91237237222213,
      39.149845959937394,
      40.03968126164383,
      40.04053292650657,
      32.24161601598439,
      5.517574697555188,
      39.93693451850329,
      39.31925344962906,
      35.25541989050619,
      27.733490811031256,
      25.9378019202676,
      32.43597224773798,
      39.999407304241444,
      5.78968366601477,
      31.821789584983563,
      15.82669578914668,
      36.111035020039346
    ],
    [
      30.14493657714468,
      32.4252013553116,
      39.91237237222213,
      0.0,
      1.1466254521870247,
      0.15269123486136416,
      0.15450888567355173,
      31.5926370601193,
      40.51200198375924,
      0.1122361781172383,
      0.9052120572458191,
      28.934150651228748,
      16.886938944433194,
      22.244657467259344,
      29.915822958039886,
      0.12559068768672157,
      41.345452629030305,
      10.121480341110052,
      43.438301443543786,
      4.503979181831315
    ],
    [
      29.16255407607918,
      31.496858177219806,
      39.149845959937394,
      1.1466254521870247,
      0.0,
      1.290221970960906,
      1.292474190208614,
      30.65790736092875,
      39.76969909939543,
      1.2094087246206793,
      0.9110628836002131,
      27.966585462950707,
      16.29445343347109,
      21.745989766998367,
      28.9595149662551,
      1.259852779461173,
      40.533645549207186,
      9.103132687882203,
      42.5864170497767,
      3.697929865055423
    ],
    [
      30.266876877970912,
      32.55578493787173,
      40.03968126164383,
      0.15269123486136416,
      1.290221970960906,
      0.0,
      0.0029101930016935266,
      31.722917416458127,
      40.63985913723982,
      0.13624660852968556,
      1.0045945659096593,
      29.05195597323102,
      16.978617148849644,
      22.324415949661734,
      30.0448965261285,
      0.05045363318646907,
      41.477657431322534,
      10.264852016413284,
      43.56886296932515,
      4.626214179321924
    ],
    [
      30.26866606277905,
      32.55709767559035,
      40.04053292650657,
      0.15450888567355173,
      1.292474190208614,
      0.0029101930016935266,
      0.0,
      31.724573757408656,
      40.64048463361241,
      0.13680819090391,
      1.0058906283348865,
      29.053826335025146,
      16.979647057640793,
      22.325210931374247,
      30.046257602341775,
      0.05146977750667487,
      41.47869482548425,
      10.266840455189994,
      43.57030575954555,
      4.627861181088783
    ],
    [
      12.025604746406751,
      7.892141149552012,
      32.24161601598439,
      31.5926370601193,
      30.65790736092875,
      31.722917416458127,
      31.724573757408656,
      0.0,
      32.0943346409033,
      31.62172137002549,
      30.959419465342073,
      13.19763257521013,
      27.895067310997373,
      30.7948621185525,
      9.163689568493906,
      31.691232103961834,
      33.81478789319066,
      23.95549170148735,
      37.79135788439675,
      28.683311418675483
    ],
    [
      34.98225268783335,
      31.25251066150077,
      5.517574697555188,
      40.51200198375924,
      39.76969909939543,
      40.63985913723982,
      40.64048463361241,
      32.0943346409033,
      0.0,
      40.535208958713234,
      39.951429440579176,
      35.61208601919497,
      29.7436935201736,
      28.507674545763756,
      31.523723477801667,
      40.60140748382351,
      8.523101716851519,
      32.82852266724812,
      19.235584462707457,
      36.97095418494044
    ],
    [
      30.185547888570998,
      32.445324100463154,
      39.93693451850329,
      0.1122361781172383,
      1.2094087246206793,
      0.13624660852968556,
      0.13680819090391,
      31.62172137002549,
      40.535208958713234,
      0.0,
      0.881113863048186,
      28.97538996355575,
      16.870734802913688,
      22.221104462166245,
      29.938630129723006,
      0.09165521258227684,
      41.38043452431346,
      10.158068651901065,
      43.482761112925324,
      4.513440832978281
    ],
    [
      29.577902714146713,
      31.793238233913996,
      39.31925344962906,
      0.9052120572458191,
      0.9110628836002131,
      1.0045945659096593,
      1.0058906283348865,
      30.959419465342073,
      39.951429440579176,
      0.881113863048186,
      0.0,
      28.3668184512088,
      16.11233475526511,
      21.497601178265406,
      29.287036302810684,
      0.95638759050686,
      40.798872046675164,
      9.432932688826083,
      42.929726025829524,
      3.7211360851981166
    ],
    [
      2.842993836549456,
      16.20907179230772,
      35.25541989050619,
      28.934150651228748,
      27.966585462950707,
      29.05195597323102,
      29.053826335025146,
      13.19763257521013,
      35.61208601919497,
      28.97538996355575,
      28.3668184512088,
      0.0,
      27.76677316132644,
      31.276540554421533,
      12.45000082493024,
      29.027203836055385,
      36.85165132691688,
      22.860558654998147,
      40.39609480730751,
      26.516668212723147
    ],
    [
      28.838941808360186,
      28.992758621049823,
      27.733490811031256,
      16.886938944433194,
      16.29445343347109,
      16.978617148849644,
      16.979647057640793,
      27.895067310997373,
      29.7436935201736,
      16.870734802913688,
      16.11233475526511,
      27.76677316132644,
      0.0,
      5.742034705773668,
      27.336498181149025,
      16.930206463873642,
      29.643640484279892,
      10.658431773919192,
      31.47434672436694,
      12.681423761145505
    ],
    [
      32.28559093602303,
      31.81098402183911,
      25.9378019202676,
      22.244657467259344,
      21.745989766998367,
      22.324415949661734,
      22.325210931374247,
      30.7948621185525,
      28.507674545763756,
      22.221104462166245,
      21.497601178265406,
      31.276540554421533,
      5.742034705773668,
      0.0,
      30.4939089927993,
      22.276993438891015,
      28.139850772438628,
      16.309897974308125,
      29.878286939197046,
      18.225969105738574
    ],
    [
      10.36683263287486,
      5.012462705333028,
      32.43597224773798,
      29.915822958039886,
      28.9595149662551,
      30.0448965261285,
      30.046257602341775,
      9.163689568493906,
      31.523723477801667,
      29.938630129723006,
      29.287036302810684,
      12.45000082493024,
      27.336498181149025,
      30.4939089927993,
      0.0,
      30.013898198783654,
      33.9668198853085,
      22.992248520603038,
      38.39435416465494,
      27.23632364788585
    ],
    [
      30.241659968530286,
      32.52351820547849,
      39.999407304241444,
      0.12559068768672157,
      1.259852779461173,
      0.05045363318646907,
      0.05146977750667487,
      31.691232103961834,
      40.60140748382351,
      0.09165521258227684,
      0.95638759050686,
      29.027203836055385,
      16.930206463873642,
      22.276993438891015,
      30.013898198783654,
      0.0,
      41.4391655978142,
      10.22302001085286,
      43.53176842095439,
      4.578518646367861
    ],
    [
      36.4529817024161,
      33.78418443949221,
      5.78968366601477,
      41.345452629030305,
      40.533645549207186,
      41.477657431322534,
      41.47869482548425,
      33.81478789319066,
      8.523101716851519,
      41.38043452431346,
      40.798872046675164,
      36.85165132691688,
      29.643640484279892,
      28.139850772438628,
      33.9668198853085,
      41.4391655978142,
      0.0,
      32.973815816051165,
      10.882196411292625,
      37.568981107617695
    ],
    [
      23.849835864894416,
      25.119682238001143,
      31.821789584983563,
      10.121480341110052,
      9.103132687882203,
      10.264852016413284,
      10.266840455189994,
      23.95549170148735,
      32.82852266724812,
      10.158068651901065,
      9.432932688826083,
      22.860558654998147,
      10.658431773919192,
      16.309897974308125,
      22.992248520603038,
      10.22302001085286,
      32.973815816051165,
      0.0,
      34.77312597236907,
      6.069547563294438
    ],
    [
      40.21053231715999,
      38.25311303061044,
      15.82669578914668,
      43.438301443543786,
      42.5864170497767,
      43.56886296932515,
      43.57030575954555,
      37.79135788439675,
      19.235584462707457,
      43.482761112925324,
      42.929726025829524,
      40.39609480730751,
      31.47434672436694,
      29.878286939197046,
      38.39435416465494,
      43.53176842095439,
      10.882196411292625,
      34.77312597236907,
      0.0,
      39.59015939630464
    ],
    [
      27.71091440589687,
      29.644154233670374,
      36.111035020039346,
      4.503979181831315,
      3.697929865055423,
      4.626214179321924,
      4.627861181088783,
      28.683311418675483,
      36.97095418494044,
      4.513440832978281,
      3.7211360851981166,
      26.516668212723147,
      12.681423761145505,
      18.225969105738574,
      27.23632364788585,
      4.578518646367861,
      37.568981107617695,
      6.069547563294438,
      39.59015939630464,
      0.0
    ]
  ]
}