{
  "case_id": 3,
  "method": "pca",
  "dim": 12,
  "seeds": [
    0,
    1,
    2,
    3,
    4,
    5,
    6,
    7,
    8,
    9,
    10,
    11,
    12,
    13,
    14,
    15,
    16,
    17,
    18,
    19
  ],
  "model_paths": [
    "/mnt/home/tianyuez/landscape-v2/grid_world/models/gridworld_ppo_case_3_seed_0.pt",
    "/mnt/home/tianyuez/landscape-v2/grid_world/models/gridworld_ppo_case_3_seed_1.pt",
    "/mnt/home/tianyuez/landscape-v2/grid_world/models/gridworld_ppo_case_3_seed_2.pt",
    "/mnt/home/tianyuez/landscape-v2/grid_world/models/gridworld_ppo_case_3_seed_3.pt",
    "/mnt/home/tianyuez/landscape-v2/grid_world/models/gridworld_ppo_case_3_seed_4.pt",
    "/mnt/home/tianyuez/landscape-v2/grid_world/models/gridworld_ppo_case_3_seed_5.pt",
    "/mnt/home/tianyuez/landscape-v2/grid_world/models/gridworld_ppo_case_3_seed_6.pt",
    "/mnt/home/tianyuez/landscape-v2/grid_world/models/gridworld_ppo_case_3_seed_7.pt",
    "/mnt/home/tianyuez/landscape-v2/grid_world/models/gridworld_ppo_case_3_seed_8.pt",
    "/mnt/home/tianyuez/landscape-v2/grid_world/models/gridworld_ppo_case_3_seed_9.pt",
    "/mnt/home/tianyuez/landscape-v2/grid_world/models/gridworld_ppo_case_3_seed_10.pt",
    "/mnt/home/tianyuez/landscape-v2/grid_world/models/gridworld_ppo_case_3_seed_11.pt",
    "/mnt/home/tianyuez/landscape-v2/grid_world/models/gridworld_ppo_case_3_seed_12.pt",
    "/mnt/home/tianyuez/landscape-v2/grid_world/models/gridworld_ppo_case_3_seed_13.pt",
    "/mnt/home/tianyuez/landscape-v2/grid_world/models/gridworld_ppo_case_3_seed_14.pt",
    "/mnt/home/tianyuez/landscape-v2/grid_world/models/gridworld_ppo_case_3_seed_15.pt",
    "/mnt/home/tianyuez/landscape-v2/grid_world/models/gridworld_ppo_case_3_seed_16.pt",
    "/mnt/home/tianyuez/landscape-v2/grid_world/models/gridworld_ppo_case_3_seed_17.pt",
    "/mnt/home/tianyuez/landscape-v2/grid_world/models/gridworld_ppo_case_3_seed_18.pt",
    "/mnt/home/tianyuez/landscape-v2/grid_world/models/gridworld_ppo_case_3_seed_19.pt"
  ],
  "distance_matrix": [
    [
      0.0,
      14.427696994867555,
      35.17072529348031,
      30.24983651123722,
      29.36541900580287,
      30.37266747353664,
      30.374458666981013,
      12.300103064589191,
      35.16272582921506,
      30.292810088420577,
      29.699727256025003,
      5.613473518256992,
      28.963544021070856,
      32.380145983647644,
      10.936914180543281,
      30.34760833629084,
      36.64791318275366,
      24.042897723707554,
      40.297552395718824,
      27.838040359690567
    ],
    [
      14.427696994867555,
      0.0,
      32.493619620163365,
      32.447603501352475,
      31.59013667792185,
      32.57845675664497,
      32.5797824245704,
      8.111464610253305,
      31.401672020961204,
      32.46919004612354,
      31.82653959050722,
      16.39912376927572,
      29.029847948431154,
      31.838313034600468,
      5.609900994651247,
      32.546384702913976,
      33.87222892245031,
      25.191622932725956,
      38.29351763525514,
      29.67416514539977
    ],
    [
      35.17072529348031,
      32.493619620163365,
      0.0,
      40.02516366597436,
      39.26786745501749,
      40.15290167708107,
      40.15382800551786,
      32.421089388439036,
      7.652670875974788,
      40.05302205421849,
      39.456280834634846,
      35.50610629284907,
      27.916060901855296,
      26.167012551745255,
      32.55128765998916,
      40.11331790966333,
      7.092513201910976,
      31.98428737560977,
      16.166519891463164,
      36.228361142562754
    ],
    [
      30.24983651123722,
      32.447603501352475,
      40.02516366597436,
      0.0,
      2.5162553303925246,
      0.1549647027300913,
      0.15667260517693976,
      31.60275424719812,
      40.5971398004776,
      0.13078221625772524,
      0.9839933537655692,
      29.034618475541404,
      16.903346424437128,
      22.249889886688223,
      29.959004345543978,
      0.1293366838445385,
      41.40729996920168,
      10.286557966782823,
      43.450679075965255,
      4.536898649725093
    ],
    [
      29.36541900580287,
      31.59013667792185,
      39.26786745501749,
      2.5162553303925246,
      0.0,
      2.581251161000201,
      2.585204052683537,
      30.72855902256654,
      39.911067284614475,
      2.5631998165992127,
      2.530713415119716,
      28.113392167952586,
      16.377394729273114,
      21.87133250917432,
      29.030923308454735,
      2.5781929270559885,
      40.659352816733055,
      9.327875064255428,
      42.643497985262826,
      4.091441783653899
    ],
    [
      30.37266747353664,
      32.57845675664497,
      40.15290167708107,
      0.1549647027300913,
      2.581251161000201,
      0.0,
      0.004673025388657723,
      31.732616234792005,
      40.7242740535208,
      0.14392549116903267,
      1.0682668636742274,
      29.15075077775955,
      16.994541977685664,
      22.32943109661175,
      30.087328425899045,
      0.05252531935258416,
      41.53886338424959,
      10.429831570875065,
      43.58109537852525,
      4.657985101769753
    ],
    [
      30.374458666981013,
      32.5797824245704,
      40.15382800551786,
      0.15667260517693976,
      2.585204052683537,
      0.004673025388657723,
      0.0,
      31.734349774437952,
      40.72503770113263,
      0.1442664122411155,
      1.0695226107008418,
      29.152712259471112,
      16.995742260386226,
      22.330264968283917,
      30.08878928349159,
      0.05281801304679584,
      41.5398746186704,
      10.432068524467821,
      43.58263577362614,
      4.6600294768340955
    ],
    [
      12.300103064589191,
      8.111464610253305,
      32.421089388439036,
      31.60275424719812,
      30.72855902256654,
      31.732616234792005,
      31.734349774437952,
      0.0,
      32.172724263689965,
      31.630926280469364,
      30.965912827883777,
      13.434814913803057,
      27.902606050550514,
      30.803054937682063,
      9.275820961585083,
      31.70099183992741,
      33.905508564880805,
      24.041082383844397,
      37.80290787709152,
      28.692951482892273
    ],
    [
      35.16272582921506,
      31.401672020961204,
      7.652670875974788,
      40.5971398004776,
      39.911067284614475,
      40.7242740535208,
      40.72503770113263,
      32.172724263689965,
      0.0,
      40.61852172065223,
      40.0267894964817,
      35.75086440628937,
      29.83825326505405,
      28.59732284692525,
      31.710530003919985,
      40.685872462296174,
      9.402793518231626,
      32.96563539864258,
      19.349633802100318,
      37.05972008519552
    ],
    [
      30.292810088420577,
      32.46919004612354,
      40.05302205421849,
      0.13078221625772524,
      2.5631998165992127,
      0.14392549116903267,
      0.1442664122411155,
      31.630926280469364,
      40.61852172065223,
      0.0,
      0.9371453768160125,
      29.07371102615475,
      16.88718882625518,
      22.225741099075428,
      29.981182759331006,
      0.09921325002673512,
      41.44173406584866,
      10.32997484833103,
      43.494873690323836,
      4.54868024478705
    ],
    [
      29.699727256025003,
      31.82653959050722,
      39.456280834634846,
      0.9839933537655692,
      2.530713415119716,
      1.0682668636742274,
      1.0695226107008418,
      30.965912827883777,
      40.0267894964817,
      0.9371453768160125,
      0.0,
      28.46036755358257,
      16.13238022645025,
      21.501718283661994,
      29.330666957358495,
      1.0207713201236943,
      40.86121857180648,
      9.660096783842128,
      42.941555642941644,
      3.79131605046147
    ],
    [
      5.613473518256992,
      16.39912376927572,
      35.50610629284907,
      29.034618475541404,
      28.113392167952586,
      29.15075077775955,
      29.152712259471112,
      13.434814913803057,
      35.75086440628937,
      29.07371102615475,
      28.46036755358257,
      0.0,
      27.858254232930186,
      31.37122486715569,
      12.699714286586833,
      29.12623749923597,
      36.96666360194515,
      23.028273626585385,
      40.47772538249005,
      26.613752644040186
    ],
    [
      28.963544021070856,
      29.029847948431154,
      27.916060901855296,
      16.903346424437128,
      16.377394729273114,
      16.994541977685664,
      16.995742260386226,
      27.902606050550514,
      29.83825326505405,
      16.88718882625518,
      16.13238022645025,
      27.858254232930186,
      0.0,
      5.789266349345711,
      27.37677264106018,
      16.946620748046282,
      29.73348423284797,
      10.769957708883517,
      31.492300952290304,
      12.686224915333721
    ],
    [
      32.380145983647644,
      31.838313034600468,
      26.167012551745255,
      22.249889886688223,
      21.87133250917432,
      22.32943109661175,
      22.330264968283917,
      30.803054937682063,
      28.59732284692525,
      22.225741099075428,
      21.501718283661994,
      31.37122486715569,
      5.789266349345711,
      0.0,
      30.55205740325296,
      22.281951259730622,
      28.227260492895088,
      16.42291783893142,
      29.897311925469715,
      18.241603334552305
    ],
    [
      10.936914180543281,
      5.609900994651247,
      32.55128765998916,
      29.959004345543978,
      29.030923308454735,
      30.087328425899045,
      30.08878928349159,
      9.275820961585083,
      31.710530003919985,
      29.981182759331006,
      29.330666957358495,
      12.699714286586833,
      27.37677264106018,
      30.55205740325296,
      0.0,
      30.056611203720127,
      34.069936428118865,
      23.104852750220154,
      38.44087171076461,
      27.27132908744598
    ],
    [
      30.34760833629084,
      32.546384702913976,
      40.11331790966333,
      0.1293366838445385,
      2.5781929270559885,
      0.05252531935258416,
      0.05281801304679584,
      31.70099183992741,
      40.685872462296174,
      0.09921325002673512,
      1.0207713201236943,
      29.12623749923597,
      16.946620748046282,
      22.281951259730622,
      30.056611203720127,
      0.0,
      41.500269389523154,
      10.38989098055716,
      43.544137358782216,
      4.6120538906648285
    ],
    [
      36.64791318275366,
      33.87222892245031,
      7.092513201910976,
      41.40729996920168,
      40.659352816733055,
      41.53886338424959,
      41.5398746186704,
      33.905508564880805,
      9.402793518231626,
      41.44173406584866,
      40.86121857180648,
      36.96666360194515,
      29.73348423284797,
      28.227260492895088,
      34.069936428118865,
      41.500269389523154,
      0.0,
      33.09413589928009,
      11.34040685786783,
      37.64354340469733
    ],
    [
      24.042897723707554,
      25.191622932725956,
      31.98428737560977,
      10.286557966782823,
      9.327875064255428,
      10.429831570875065,
      10.432068524467821,
      24.041082383844397,
      32.96563539864258,
      10.32997484833103,
      9.660096783842128,
      23.028273626585385,
      10.769957708883517,
      16.42291783893142,
      23.104852750220154,
      10.38989098055716,
      33.09413589928009,
      0.0,
      34.839243783831236,
      6.252499103907181
    ],
    [
      40.297552395718824,
      38.29351763525514,
      16.166519891463164,
      43.450679075965255,
      42.643497985262826,
      43.58109537852525,
      43.58263577362614,
      37.80290787709152,
      19.349633802100318,
      43.494873690323836,
      42.941555642941644,
      40.47772538249005,
      31.492300952290304,
      29.897311925469715,
      38.44087171076461,
      43.544137358782216,
      11.34040685786783,
      34.839243783831236,
      0.0,
      39.602646208563556
    ],
    [
      27.838040359690567,
      29.67416514539977,
      36.228361142562754,
      4.536898649725093,
      4.091441783653899,
      4.657985101769753,
      4.6600294768340955,
      28.692951482892273,
      37.05972008519552,
      4.54868024478705,
      3.79131605046147,
      26.613752644040186,
      12.686224915333721,
      18.241603334552305,
      27.27132908744598,
      4.6120538906648285,
      37.64354340469733,
      6.252499103907181,
      39.602646208563556,
      0.0
    ]
  ]
}