{
  "case_id": 2,
  "method": "tsne",
  "dim": 2,
  "seeds": [
    0,
    1,
    2,
    3,
    4,
    5,
    6,
    7,
    8,
    9
  ],
  "model_paths": [
    "/mnt/home/tianyuez/landscape-v2/grid_world/models/gridworld_ppo_case_2_seed_0.pt",
    "/mnt/home/tianyuez/landscape-v2/grid_world/models/gridworld_ppo_case_2_seed_1.pt",
    "/mnt/home/tianyuez/landscape-v2/grid_world/models/gridworld_ppo_case_2_seed_2.pt",
    "/mnt/home/tianyuez/landscape-v2/grid_world/models/gridworld_ppo_case_2_seed_3.pt",
    "/mnt/home/tianyuez/landscape-v2/grid_world/models/gridworld_ppo_case_2_seed_4.pt",
    "/mnt/home/tianyuez/landscape-v2/grid_world/models/gridworld_ppo_case_2_seed_5.pt",
    "/mnt/home/tianyuez/landscape-v2/grid_world/models/gridworld_ppo_case_2_seed_6.pt",
    "/mnt/home/tianyuez/landscape-v2/grid_world/models/gridworld_ppo_case_2_seed_7.pt",
    "/mnt/home/tianyuez/landscape-v2/grid_world/models/gridworld_ppo_case_2_seed_8.pt",
    "/mnt/home/tianyuez/landscape-v2/grid_world/models/gridworld_ppo_case_2_seed_9.pt"
  ],
  "distance_matrix": [
    [
      0.0,
      24.069054346049725,
      31.590418485831925,
      94.6916177023947,
      25.298879338165772,
      24.504754362552738,
      93.3699027273909,
      52.95382150933059,
      44.2865714438227,
      112.41555297985687
    ],
    [
      24.069054346049725,
      0.0,
      55.58292270961905,
      118.72232232197358,
      26.40527182899166,
      42.29131250896476,
      117.12425163466747,
      77.01505097761546,
      24.562620045919765,
      136.43825651410046
    ],
    [
      31.590418485831925,
      55.58292270961905,
      0.0,
      63.144300248197595,
      46.549039748068466,
      25.763985463247682,
      63.70718684738697,
      21.583128527956344,
      73.24126216816984,
      81.48790065785987
    ],
    [
      94.6916177023947,
      118.72232232197358,
      63.144300248197595,
      0.0,
      106.69127831831617,
      83.22068796240423,
      22.990471909452822,
      41.801077484889326,
      135.32569262876456,
      22.321827572562192
    ],
    [
      25.298879338165772,
      26.40527182899166,
      46.549039748068466,
      106.69127831831617,
      0.0,
      23.566157348544717,
      110.0930570629457,
      67.21502671581594,
      29.721634603214653,
      126.73321764057772
    ],
    [
      24.504754362552738,
      42.29131250896476,
      25.763985463247682,
      83.22068796240423,
      23.566157348544717,
      0.0,
      87.76763171341857,
      44.69414790428043,
      52.9498269677171,
      103.55514026824875
    ],
    [
      93.3699027273909,
      117.12425163466747,
      63.70718684738697,
      22.990471909452822,
      110.0930570629457,
      87.76763171341857,
      0.0,
      43.07371535531028,
      136.72635007125405,
      22.290151036887146
    ],
    [
      52.95382150933059,
      77.01505097761546,
      21.583128527956344,
      41.801077484889326,
      67.21502671581594,
      44.69414790428043,
      43.07371535531028,
      0.0,
      94.68582408458548,
      59.95132979983643
    ],
    [
      44.2865714438227,
      24.562620045919765,
      73.24126216816984,
      135.32569262876456,
      29.721634603214653,
      52.9498269677171,
      136.72635007125405,
      94.68582408458548,
      0.0,
      154.62740447617475
    ],
    [
      112.41555297985687,
      136.43825651410046,
      81.48790065785987,
      22.321827572562192,
      126.73321764057772,
      103.55514026824875,
      22.290151036887146,
      59.95132979983643,
      154.62740447617475,
      0.0
    ]
  ]
}