{
  "case_id": 3,
  "method": "tsne",
  "dim": 12,
  "seeds": [
    0,
    1,
    2,
    3,
    4,
    5,
    6,
    7,
    8,
    9,
    10,
    11,
    12,
    13,
    14,
    15,
    16,
    17,
    18,
    19
  ],
  "model_paths": [
    "/mnt/home/tianyuez/landscape-v2/grid_world/models/gridworld_ppo_case_3_seed_0.pt",
    "/mnt/home/tianyuez/landscape-v2/grid_world/models/gridworld_ppo_case_3_seed_1.pt",
    "/mnt/home/tianyuez/landscape-v2/grid_world/models/gridworld_ppo_case_3_seed_2.pt",
    "/mnt/home/tianyuez/landscape-v2/grid_world/models/gridworld_ppo_case_3_seed_3.pt",
    "/mnt/home/tianyuez/landscape-v2/grid_world/models/gridworld_ppo_case_3_seed_4.pt",
    "/mnt/home/tianyuez/landscape-v2/grid_world/models/gridworld_ppo_case_3_seed_5.pt",
    "/mnt/home/tianyuez/landscape-v2/grid_world/models/gridworld_ppo_case_3_seed_6.pt",
    "/mnt/home/tianyuez/landscape-v2/grid_world/models/gridworld_ppo_case_3_seed_7.pt",
    "/mnt/home/tianyuez/landscape-v2/grid_world/models/gridworld_ppo_case_3_seed_8.pt",
    "/mnt/home/tianyuez/landscape-v2/grid_world/models/gridworld_ppo_case_3_seed_9.pt",
    "/mnt/home/tianyuez/landscape-v2/grid_world/models/gridworld_ppo_case_3_seed_10.pt",
    "/mnt/home/tianyuez/landscape-v2/grid_world/models/gridworld_ppo_case_3_seed_11.pt",
    "/mnt/home/tianyuez/landscape-v2/grid_world/models/gridworld_ppo_case_3_seed_12.pt",
    "/mnt/home/tianyuez/landscape-v2/grid_world/models/gridworld_ppo_case_3_seed_13.pt",
    "/mnt/home/tianyuez/landscape-v2/grid_world/models/gridworld_ppo_case_3_seed_14.pt",
    "/mnt/home/tianyuez/landscape-v2/grid_world/models/gridworld_ppo_case_3_seed_15.pt",
    "/mnt/home/tianyuez/landscape-v2/grid_world/models/gridworld_ppo_case_3_seed_16.pt",
    "/mnt/home/tianyuez/landscape-v2/grid_world/models/gridworld_ppo_case_3_seed_17.pt",
    "/mnt/home/tianyuez/landscape-v2/grid_world/models/gridworld_ppo_case_3_seed_18.pt",
    "/mnt/home/tianyuez/landscape-v2/grid_world/models/gridworld_ppo_case_3_seed_19.pt"
  ],
  "distance_norm": "l1",
  "distance_matrix": [
    [
      0.0,
      55.25443774461746,
      53.96176777314395,
      41.431372463703156,
      81.80322562158108,
      182.53081016242504,
      39.53939823806286,
      53.29302129521966,
      103.44298521056771,
      51.1539738625288,
      52.50846229121089,
      77.37141593545675,
      56.653865829110146,
      179.91250203549862,
      62.358038410544395,
      89.98576992750168,
      48.47822403907776,
      194.6413228660822,
      65.64861301518977,
      67.3547839447856
    ],
    [
      55.25443774461746,
      0.0,
      41.40917350817472,
      44.121727377176285,
      62.85745571553707,
      168.00809089839458,
      37.06128291785717,
      33.507347371429205,
      110.20280244573951,
      42.76704661548138,
      49.23305003717542,
      47.57991040498018,
      41.176367715001106,
      187.15286998450756,
      53.00315837562084,
      82.76659074425697,
      40.83407309651375,
      172.55281229317188,
      51.407749911770225,
      51.97901742905378
    ],
    [
      53.96176777314395,
      41.40917350817472,
      0.0,
      37.649658421985805,
      62.2339986609295,
      177.54887482058257,
      49.540874565951526,
      39.544011854566634,
      109.25005336012691,
      45.86769577395171,
      46.01363778207451,
      45.19924511294812,
      37.68956867326051,
      179.79190477263182,
      43.584768320433795,
      95.63580639194697,
      54.39017955493182,
      179.91377750504762,
      30.079563139937818,
      43.85541331488639
    ],
    [
      41.431372463703156,
      44.121727377176285,
      37.649658421985805,
      0.0,
      81.88049159944057,
      164.4013538211584,
      31.061593517661095,
      39.32655403390527,
      84.01207092776895,
      37.6842410415411,
      37.24929051473737,
      62.30411570519209,
      60.05071868002415,
      151.0551818460226,
      40.64933334290981,
      83.38134256005287,
      48.82750955224037,
      208.65050043165684,
      61.06019274331629,
      59.24916849285364
    ],
    [
      81.80322562158108,
      62.85745571553707,
      62.2339986609295,
      81.88049159944057,
      0.0,
      191.01050081849098,
      78.23097255825996,
      57.61293567344546,
      111.5387487821281,
      73.92956057190895,
      66.73245960101485,
      63.70389338582754,
      42.836751490831375,
      230.0391604602337,
      54.84384301304817,
      116.9930931776762,
      58.6986088603735,
      146.17146661877632,
      74.86238575540483,
      68.86576391011477
    ],
    [
      182.53081016242504,
      168.00809089839458,
      177.54887482058257,
      164.4013538211584,
      191.01050081849098,
      0.0,
      163.4603145122528,
      176.62061678245664,
      208.81260781362653,
      159.991304397583,
      188.4868646003306,
      182.03858465701342,
      178.27389800548553,
      272.2280424833298,
      164.86863046884537,
      236.26317293941975,
      170.9545469880104,
      195.34104025363922,
      166.63511409796774,
      192.34992430359125
    ],
    [
      39.53939823806286,
      37.06128291785717,
      49.540874565951526,
      31.061593517661095,
      78.23097255825996,
      163.4603145122528,
      0.0,
      39.68957759812474,
      100.00016229227185,
      34.690104722976685,
      39.26215270534158,
      58.1567522957921,
      50.03228735923767,
      173.45210421085358,
      44.45969384908676,
      85.09585793316364,
      37.35534004867077,
      186.25357806682587,
      57.05901815928519,
      58.2314802184701
    ],
    [
      53.29302129521966,
      33.507347371429205,
      39.544011854566634,
      39.32655403390527,
      57.61293567344546,
      176.62061678245664,
      39.68957759812474,
      0.0,
      97.41617956012487,
      40.10109182074666,
      42.48961219936609,
      49.44699079170823,
      44.235475938767195,
      172.42622478678823,
      38.105054188519716,
      75.87281411513686,
      35.89328978583217,
      187.27945749089122,
      59.325073981657624,
      48.3365494646132
    ],
    [
      103.44298521056771,
      110.20280244573951,
      109.25005336012691,
      84.01207092776895,
      111.5387487821281,
      208.81260781362653,
      100.00016229227185,
      97.41617956012487,
      0.0,
      92.17970399931073,
      91.08921571820974,
      106.47073807194829,
      110.81892402097583,
      166.59959619119763,
      89.1418945081532,
      107.6549884043634,
      74.915403123945,
      227.85600883886218,
      136.38301547802985,
      119.01087845489383
    ],
    [
      51.1539738625288,
      42.76704661548138,
      45.86769577395171,
      37.6842410415411,
      73.92956057190895,
      159.991304397583,
      34.690104722976685,
      40.10109182074666,
      92.17970399931073,
      0.0,
      52.42826822772622,
      47.490144677460194,
      59.21987330913544,
      170.6535748243332,
      43.66489106416702,
      77.71804220974445,
      40.33494798839092,
      190.42314779758453,
      57.177405739203095,
      64.63326928764582
    ],
    [
      52.50846229121089,
      49.23305003717542,
      46.01363778207451,
      37.24929051473737,
      66.73245960101485,
      188.4868646003306,
      39.26215270534158,
      42.48961219936609,
      91.08921571820974,
      52.42826822772622,
      0.0,
      57.1806022785604,
      48.177581038326025,
      163.5187044478953,
      48.384071085602045,
      69.32217462733388,
      37.03730044141412,
      196.24239202961326,
      57.85791050456464,
      56.39376341179013
    ],
    [
      77.37141593545675,
      47.57991040498018,
      45.19924511294812,
      62.30411570519209,
      63.70389338582754,
      182.03858465701342,
      58.1567522957921,
      49.44699079170823,
      106.47073807194829,
      47.490144677460194,
      57.1806022785604,
      0.0,
      49.3971137329936,
      197.8436921313405,
      58.76927811652422,
      99.11975815147161,
      44.76443684846163,
      178.64031045883894,
      55.61041888408363,
      63.0635344684124
    ],
    [
      56.653865829110146,
      41.176367715001106,
      37.68956867326051,
      60.05071868002415,
      42.836751490831375,
      178.27389800548553,
      50.03228735923767,
      44.235475938767195,
      110.81892402097583,
      59.21987330913544,
      48.177581038326025,
      49.3971137329936,
      0.0,
      207.26474404335022,
      47.7646649479866,
      94.87097473442554,
      42.5183198004961,
      152.44093823432922,
      37.81436011753976,
      38.90731427818537
    ],
    [
      179.91250203549862,
      187.15286998450756,
      179.79190477263182,
      151.0551818460226,
      230.0391604602337,
      272.2280424833298,
      173.45210421085358,
      172.42622478678823,
      166.59959619119763,
      170.6535748243332,
      163.5187044478953,
      197.8436921313405,
      207.26474404335022,
      0.0,
      177.04141467809677,
      133.02198700606823,
      185.58427767455578,
      359.70568227767944,
      196.26403739489615,
      207.88363053649664
    ],
    [
      62.358038410544395,
      53.00315837562084,
      43.584768320433795,
      40.64933334290981,
      54.84384301304817,
      164.86863046884537,
      44.45969384908676,
      38.105054188519716,
      89.1418945081532,
      43.66489106416702,
      48.384071085602045,
      58.76927811652422,
      47.7646649479866,
      177.04141467809677,
      0.0,
      101.2458825558424,
      45.114594876766205,
      182.66426759958267,
      65.24347617663443,
      52.78568633645773
    ],
    [
      89.98576992750168,
      82.76659074425697,
      95.63580639194697,
      83.38134256005287,
      116.9930931776762,
      236.26317293941975,
      85.09585793316364,
      75.87281411513686,
      107.6549884043634,
      77.71804220974445,
      69.32217462733388,
      99.11975815147161,
      94.87097473442554,
      133.02198700606823,
      101.2458825558424,
      0.0,
      75.7270439863205,
      246.65961499512196,
      101.73722063563764,
      105.2236402258277
    ],
    [
      48.47822403907776,
      40.83407309651375,
      54.39017955493182,
      48.82750955224037,
      58.6986088603735,
      170.9545469880104,
      37.35534004867077,
      35.89328978583217,
      74.915403123945,
      40.33494798839092,
      37.03730044141412,
      44.76443684846163,
      42.5183198004961,
      185.58427767455578,
      45.114594876766205,
      75.7270439863205,
      0.0,
      174.12140460312366,
      65.44375311397016,
      54.58362703770399
    ],
    [
      194.6413228660822,
      172.55281229317188,
      179.91377750504762,
      208.65050043165684,
      146.17146661877632,
      195.34104025363922,
      186.25357806682587,
      187.27945749089122,
      227.85600883886218,
      190.42314779758453,
      196.24239202961326,
      178.64031045883894,
      152.44093823432922,
      359.70568227767944,
      182.66426759958267,
      246.65961499512196,
      174.12140460312366,
      0.0,
      163.4416448827833,
      159.39763996750116
    ],
    [
      65.64861301518977,
      51.407749911770225,
      30.079563139937818,
      61.06019274331629,
      74.86238575540483,
      166.63511409796774,
      57.05901815928519,
      59.325073981657624,
      136.38301547802985,
      57.177405739203095,
      57.85791050456464,
      55.61041888408363,
      37.81436011753976,
      196.26403739489615,
      65.24347617663443,
      101.73722063563764,
      65.44375311397016,
      163.4416448827833,
      0.0,
      52.531377317383885
    ],
    [
      67.3547839447856,
      51.97901742905378,
      43.85541331488639,
      59.24916849285364,
      68.86576391011477,
      192.34992430359125,
      58.2314802184701,
      48.3365494646132,
      119.01087845489383,
      64.63326928764582,
      56.39376341179013,
      63.0635344684124,
      38.90731427818537,
      207.88363053649664,
      52.78568633645773,
      105.2236402258277,
      54.58362703770399,
      159.39763996750116,
      52.531377317383885,
      0.0
    ]
  ]
}