{
  "case_id": 3,
  "method": "tsne",
  "dim": 3,
  "seeds": [
    0,
    1,
    2,
    3,
    4,
    5,
    6,
    7,
    8,
    9,
    10,
    11,
    12,
    13,
    14,
    15,
    16,
    17,
    18,
    19
  ],
  "model_paths": [
    "/mnt/home/tianyuez/landscape-v2/grid_world/models/gridworld_ppo_case_3_seed_0.pt",
    "/mnt/home/tianyuez/landscape-v2/grid_world/models/gridworld_ppo_case_3_seed_1.pt",
    "/mnt/home/tianyuez/landscape-v2/grid_world/models/gridworld_ppo_case_3_seed_2.pt",
    "/mnt/home/tianyuez/landscape-v2/grid_world/models/gridworld_ppo_case_3_seed_3.pt",
    "/mnt/home/tianyuez/landscape-v2/grid_world/models/gridworld_ppo_case_3_seed_4.pt",
    "/mnt/home/tianyuez/landscape-v2/grid_world/models/gridworld_ppo_case_3_seed_5.pt",
    "/mnt/home/tianyuez/landscape-v2/grid_world/models/gridworld_ppo_case_3_seed_6.pt",
    "/mnt/home/tianyuez/landscape-v2/grid_world/models/gridworld_ppo_case_3_seed_7.pt",
    "/mnt/home/tianyuez/landscape-v2/grid_world/models/gridworld_ppo_case_3_seed_8.pt",
    "/mnt/home/tianyuez/landscape-v2/grid_world/models/gridworld_ppo_case_3_seed_9.pt",
    "/mnt/home/tianyuez/landscape-v2/grid_world/models/gridworld_ppo_case_3_seed_10.pt",
    "/mnt/home/tianyuez/landscape-v2/grid_world/models/gridworld_ppo_case_3_seed_11.pt",
    "/mnt/home/tianyuez/landscape-v2/grid_world/models/gridworld_ppo_case_3_seed_12.pt",
    "/mnt/home/tianyuez/landscape-v2/grid_world/models/gridworld_ppo_case_3_seed_13.pt",
    "/mnt/home/tianyuez/landscape-v2/grid_world/models/gridworld_ppo_case_3_seed_14.pt",
    "/mnt/home/tianyuez/landscape-v2/grid_world/models/gridworld_ppo_case_3_seed_15.pt",
    "/mnt/home/tianyuez/landscape-v2/grid_world/models/gridworld_ppo_case_3_seed_16.pt",
    "/mnt/home/tianyuez/landscape-v2/grid_world/models/gridworld_ppo_case_3_seed_17.pt",
    "/mnt/home/tianyuez/landscape-v2/grid_world/models/gridworld_ppo_case_3_seed_18.pt",
    "/mnt/home/tianyuez/landscape-v2/grid_world/models/gridworld_ppo_case_3_seed_19.pt"
  ],
  "distance_norm": "l1",
  "distance_matrix": [
    [
      0.0,
      373.4472723007202,
      324.63023376464844,
      468.13938999176025,
      761.3852396011353,
      496.5382353067398,
      539.4924459457397,
      336.1276569366455,
      240.95886516571045,
      399.8020534515381,
      1636.795968055725,
      491.6343834400177,
      380.91686630249023,
      262.42348194122314,
      190.42722415924072,
      289.4088296890259,
      260.80427837371826,
      453.8505001068115,
      322.3500576019287,
      401.0073823928833
    ],
    [
      373.4472723007202,
      0.0,
      318.2941198348999,
      461.8032760620117,
      755.0491256713867,
      619.4409824609756,
      724.2231369018555,
      528.5245752334595,
      157.07126235961914,
      522.7048006057739,
      1759.698715209961,
      614.5371305942535,
      416.83015155792236,
      385.326229095459,
      383.8983612060547,
      541.6554641723633,
      248.5436668395996,
      576.7532472610474,
      227.11544704437256,
      470.31947135925293
    ],
    [
      324.63023376464844,
      318.2941198348999,
      0.0,
      202.11946201324463,
      436.7550058364868,
      437.65601098537445,
      675.0910024642944,
      472.68870735168457,
      165.96066570281982,
      264.2034969329834,
      1501.1974115371704,
      356.035826921463,
      252.33713912963867,
      226.57651233673096,
      328.0624933242798,
      485.8195962905884,
      421.0137662887573,
      318.25194358825684,
      262.44989013671875,
      404.8915491104126
    ],
    [
      468.13938999176025,
      461.8032760620117,
      202.11946201324463,
      0.0,
      563.6926422119141,
      321.5645030736923,
      877.2104644775391,
      275.4710702896118,
      332.87016677856445,
      167.75456714630127,
      1299.0779495239258,
      471.3266770839691,
      390.9444704055786,
      365.5738639831543,
      277.71216583251953,
      502.53721618652344,
      564.5229225158691,
      305.30437183380127,
      405.95904636383057,
      548.4007053375244
    ],
    [
      761.3852396011353,
      755.0491256713867,
      436.7550058364868,
      563.6926422119141,
      0.0,
      804.1310161352158,
      735.8520812988281,
      839.1637125015259,
      602.7156715393066,
      629.0358781814575,
      1440.4363327026367,
      616.7151200771332,
      532.4754457473755,
      658.8197135925293,
      694.5374984741211,
      852.2946014404297,
      857.7687721252441,
      441.04234790802,
      699.2048959732056,
      841.6465549468994
    ],
    [
      496.5382353067398,
      619.4409824609756,
      437.65601098537445,
      321.5645030736923,
      804.1310161352158,
      0.0,
      1036.0306812524796,
      288.9834543466568,
      491.69038355350494,
      175.09513795375824,
      1140.2577327489853,
      234.37941563129425,
      435.9438623189926,
      234.11475336551666,
      351.6975437402725,
      207.12940561771393,
      457.02109491825104,
      363.08866822719574,
      400.3623079061508,
      226.8362022638321
    ],
    [
      539.4924459457397,
      724.2231369018555,
      675.0910024642944,
      877.2104644775391,
      735.8520812988281,
      1036.0306812524796,
      0.0,
      875.6201028823853,
      567.1518745422363,
      939.2944993972778,
      2176.288414001465,
      1031.1268293857574,
      860.9315919876099,
      801.9159278869629,
      684.333137512207,
      828.9012756347656,
      740.8190040588379,
      993.3429460525513,
      802.3647832870483,
      886.9091701507568
    ],
    [
      336.1276569366455,
      528.5245752334595,
      472.68870735168457,
      275.4710702896118,
      839.1637125015259,
      288.9834543466568,
      875.6201028823853,
      0.0,
      396.0361680984497,
      213.53247451782227,
      1300.6683111190796,
      520.3637855052948,
      470.97655868530273,
      309.9575605392456,
      191.28696537017822,
      274.5128927230835,
      336.4985990524292,
      398.12136459350586,
      435.39500427246094,
      460.07209491729736
    ],
    [
      240.95886516571045,
      157.07126235961914,
      165.96066570281982,
      332.87016677856445,
      602.7156715393066,
      491.69038355350494,
      567.1518745422363,
      396.0361680984497,
      0.0,
      394.9542016983032,
      1631.9481163024902,
      486.78653168678284,
      293.77971744537354,
      257.5756301879883,
      251.40995407104492,
      409.1670570373535,
      255.0531005859375,
      449.00264835357666,
      235.212908744812,
      342.5688724517822
    ],
    [
      399.8020534515381,
      522.7048006057739,
      264.2034969329834,
      167.75456714630127,
      629.0358781814575,
      175.09513795375824,
      939.2944993972778,
      213.53247451782227,
      394.9542016983032,
      0.0,
      1236.993914604187,
      306.83131098747253,
      260.8487243652344,
      197.81929683685303,
      254.9613618850708,
      334.78264904022217,
      396.76835536956787,
      187.9935302734375,
      295.58935356140137,
      380.64613819122314
    ],
    [
      1636.795968055725,
      1759.698715209961,
      1501.1974115371704,
      1299.0779495239258,
      1440.4363327026367,
      1140.2577327489853,
      2176.288414001465,
      1300.6683111190796,
      1631.9481163024902,
      1236.993914604187,
      0.0,
      1145.1615846157074,
      1342.8685636520386,
      1374.372486114502,
      1491.9552764892578,
      1347.3871383666992,
      1597.2788276672363,
      1182.9454679489136,
      1532.5832681655884,
      1289.379243850708
    ],
    [
      491.6343834400177,
      614.5371305942535,
      356.035826921463,
      471.3266770839691,
      616.7151200771332,
      234.37941563129425,
      1031.1268293857574,
      520.3637855052948,
      486.78653168678284,
      306.83131098747253,
      1145.1615846157074,
      0.0,
      201.56444668769836,
      229.21090149879456,
      517.3366944789886,
      305.70060896873474,
      452.11724305152893,
      256.94767451286316,
      387.421683549881,
      224.93143486976624
    ],
    [
      380.91686630249023,
      416.83015155792236,
      252.33713912963867,
      390.9444704055786,
      532.4754457473755,
      435.9438623189926,
      860.9315919876099,
      470.97655868530273,
      293.77971744537354,
      260.8487243652344,
      1342.8685636520386,
      201.56444668769836,
      0.0,
      224.86436367034912,
      436.95448780059814,
      484.10744762420654,
      325.29332637786865,
      172.70800018310547,
      189.7147045135498,
      342.5699129104614
    ],
    [
      262.42348194122314,
      385.326229095459,
      226.57651233673096,
      365.5738639831543,
      658.8197135925293,
      234.11475336551666,
      801.9159278869629,
      309.9575605392456,
      257.5756301879883,
      197.81929683685303,
      1374.372486114502,
      229.21090149879456,
      224.86436367034912,
      0.0,
      306.93046951293945,
      259.2430839538574,
      222.90634155273438,
      299.0522680282593,
      189.28280925750732,
      182.82684135437012
    ],
    [
      190.42722415924072,
      383.8983612060547,
      328.0624933242798,
      277.71216583251953,
      694.5374984741211,
      351.6975437402725,
      684.333137512207,
      191.28696537017822,
      251.40995407104492,
      254.9613618850708,
      1491.9552764892578,
      517.3366944789886,
      436.95448780059814,
      306.93046951293945,
      0.0,
      224.8250503540039,
      316.8418998718262,
      351.3143892288208,
      378.3876791000366,
      457.0450038909912
    ],
    [
      289.4088296890259,
      541.6554641723633,
      485.8195962905884,
      502.53721618652344,
      852.2946014404297,
      207.12940561771393,
      828.9012756347656,
      274.5128927230835,
      409.1670570373535,
      334.78264904022217,
      1347.3871383666992,
      305.70060896873474,
      484.10744762420654,
      259.2430839538574,
      224.8250503540039,
      0.0,
      293.1117973327637,
      436.0156202316284,
      448.52589321136475,
      245.4089183807373
    ],
    [
      260.80427837371826,
      248.5436668395996,
      421.0137662887573,
      564.5229225158691,
      857.7687721252441,
      457.02109491825104,
      740.8190040588379,
      336.4985990524292,
      255.0531005859375,
      396.76835536956787,
      1597.2788276672363,
      452.11724305152893,
      325.29332637786865,
      222.90634155273438,
      316.8418998718262,
      293.1117973327637,
      0.0,
      498.0013265609741,
      158.56387615203857,
      307.8995838165283
    ],
    [
      453.8505001068115,
      576.7532472610474,
      318.25194358825684,
      305.30437183380127,
      441.04234790802,
      363.08866822719574,
      993.3429460525513,
      398.12136459350586,
      449.00264835357666,
      187.9935302734375,
      1182.9454679489136,
      256.94767451286316,
      172.70800018310547,
      299.0522680282593,
      351.3143892288208,
      436.0156202316284,
      498.0013265609741,
      0.0,
      349.6378002166748,
      481.8791093826294
    ],
    [
      322.3500576019287,
      227.11544704437256,
      262.44989013671875,
      405.95904636383057,
      699.2048959732056,
      400.3623079061508,
      802.3647832870483,
      435.39500427246094,
      235.212908744812,
      295.58935356140137,
      1532.5832681655884,
      387.421683549881,
      189.7147045135498,
      189.28280925750732,
      378.3876791000366,
      448.52589321136475,
      158.56387615203857,
      349.6378002166748,
      0.0,
      306.98835849761963
    ],
    [
      401.0073823928833,
      470.31947135925293,
      404.8915491104126,
      548.4007053375244,
      841.6465549468994,
      226.8362022638321,
      886.9091701507568,
      460.07209491729736,
      342.5688724517822,
      380.64613819122314,
      1289.379243850708,
      224.93143486976624,
      342.5699129104614,
      182.82684135437012,
      457.0450038909912,
      245.4089183807373,
      307.8995838165283,
      481.8791093826294,
      306.98835849761963,
      0.0
    ]
  ]
}