{
  "case_id": 2,
  "method": "tsne",
  "dim": 3,
  "seeds": [
    0,
    1,
    2,
    3,
    4,
    5,
    6,
    7,
    8,
    9
  ],
  "model_paths": [
    "/mnt/home/tianyuez/landscape-v2/grid_world/models/gridworld_ppo_case_2_seed_0.pt",
    "/mnt/home/tianyuez/landscape-v2/grid_world/models/gridworld_ppo_case_2_seed_1.pt",
    "/mnt/home/tianyuez/landscape-v2/grid_world/models/gridworld_ppo_case_2_seed_2.pt",
    "/mnt/home/tianyuez/landscape-v2/grid_world/models/gridworld_ppo_case_2_seed_3.pt",
    "/mnt/home/tianyuez/landscape-v2/grid_world/models/gridworld_ppo_case_2_seed_4.pt",
    "/mnt/home/tianyuez/landscape-v2/grid_world/models/gridworld_ppo_case_2_seed_5.pt",
    "/mnt/home/tianyuez/landscape-v2/grid_world/models/gridworld_ppo_case_2_seed_6.pt",
    "/mnt/home/tianyuez/landscape-v2/grid_world/models/gridworld_ppo_case_2_seed_7.pt",
    "/mnt/home/tianyuez/landscape-v2/grid_world/models/gridworld_ppo_case_2_seed_8.pt",
    "/mnt/home/tianyuez/landscape-v2/grid_world/models/gridworld_ppo_case_2_seed_9.pt"
  ],
  "distance_matrix": [
    [
      0.0,
      114.74761944469287,
      172.522085735791,
      252.29730328454255,
      103.81261247336754,
      103.19727808989929,
      181.5329847654142,
      240.61623504387438,
      230.36972774174188,
      253.06598969987274
    ],
    [
      114.74761944469287,
      0.0,
      184.16460765450913,
      173.98254660621367,
      110.28772140966959,
      113.31068925635608,
      254.414206910681,
      222.7055747004713,
      203.37483994160436,
      162.80922916014268
    ],
    [
      172.522085735791,
      184.16460765450913,
      0.0,
      183.95698250012828,
      127.23405372486852,
      106.41744931054211,
      132.00275858757465,
      94.73180584241634,
      138.08358012838167,
      188.9908268261453
    ],
    [
      252.29730328454255,
      173.98254660621367,
      183.95698250012828,
      0.0,
      166.85092243382104,
      207.5598574914926,
      285.8196968528607,
      137.37216977517687,
      219.01949889061137,
      100.21094045517276
    ],
    [
      103.81261247336754,
      110.28772140966959,
      127.23405372486852,
      166.85092243382104,
      0.0,
      119.69268203114909,
      162.6257504934799,
      157.63582704121558,
      220.9766179434041,
      201.41441673172613
    ],
    [
      103.19727808989929,
      113.31068925635608,
      106.41744931054211,
      207.5598574914926,
      119.69268203114909,
      0.0,
      183.27285343034757,
      184.8763555013143,
      127.23114505352373,
      181.34037837526373
    ],
    [
      181.5329847654142,
      254.414206910681,
      132.00275858757465,
      285.8196968528607,
      162.6257504934799,
      183.27285343034757,
      0.0,
      184.5175555704672,
      255.9930526908884,
      312.97557800407606
    ],
    [
      240.61623504387438,
      222.7055747004713,
      94.73180584241634,
      137.37216977517687,
      157.63582704121558,
      184.8763555013143,
      184.5175555704672,
      0.0,
      189.97923357677692,
      179.08998615079597
    ],
    [
      230.36972774174188,
      203.37483994160436,
      138.08358012838167,
      219.01949889061137,
      220.9766179434041,
      127.23114505352373,
      255.9930526908884,
      189.97923357677692,
      0.0,
      154.34152592714045
    ],
    [
      253.06598969987274,
      162.80922916014268,
      188.9908268261453,
      100.21094045517276,
      201.41441673172613,
      181.34037837526373,
      312.97557800407606,
      179.08998615079597,
      154.34152592714045,
      0.0
    ]
  ]
}