{
  "case_id": 1,
  "method": "tsne",
  "dim": 2,
  "seeds": [
    0,
    1,
    2,
    3,
    4,
    5,
    6,
    7,
    8,
    9
  ],
  "model_paths": [
    "/mnt/home/tianyuez/landscape-v2/grid_world/models/gridworld_ppo_case_1_seed_0.pt",
    "/mnt/home/tianyuez/landscape-v2/grid_world/models/gridworld_ppo_case_1_seed_1.pt",
    "/mnt/home/tianyuez/landscape-v2/grid_world/models/gridworld_ppo_case_1_seed_2.pt",
    "/mnt/home/tianyuez/landscape-v2/grid_world/models/gridworld_ppo_case_1_seed_3.pt",
    "/mnt/home/tianyuez/landscape-v2/grid_world/models/gridworld_ppo_case_1_seed_4.pt",
    "/mnt/home/tianyuez/landscape-v2/grid_world/models/gridworld_ppo_case_1_seed_5.pt",
    "/mnt/home/tianyuez/landscape-v2/grid_world/models/gridworld_ppo_case_1_seed_6.pt",
    "/mnt/home/tianyuez/landscape-v2/grid_world/models/gridworld_ppo_case_1_seed_7.pt",
    "/mnt/home/tianyuez/landscape-v2/grid_world/models/gridworld_ppo_case_1_seed_8.pt",
    "/mnt/home/tianyuez/landscape-v2/grid_world/models/gridworld_ppo_case_1_seed_9.pt"
  ],
  "distance_norm": "l1",
  "distance_matrix": [
    [
      0.0,
      358.4380578994751,
      216.53805446624756,
      94.79391956329346,
      88.82179164886475,
      334.3101396560669,
      119.10187084972858,
      407.00508975982666,
      152.96462488174438,
      69.6785535812378
    ],
    [
      358.4380578994751,
      0.0,
      222.15021514892578,
      263.64413833618164,
      394.4635696411133,
      70.5898323059082,
      239.3361870497465,
      56.00376892089844,
      318.7530255317688,
      315.98073959350586
    ],
    [
      216.53805446624756,
      222.15021514892578,
      0.0,
      208.16337966918945,
      172.3133544921875,
      280.45954513549805,
      112.38623841106892,
      270.71724700927734,
      96.60281038284302,
      146.85950088500977
    ],
    [
      94.79391956329346,
      263.64413833618164,
      208.16337966918945,
      0.0,
      130.81943130493164,
      239.51622009277344,
      95.77714125812054,
      312.2111701965332,
      144.58995008468628,
      61.30387878417969
    ],
    [
      88.82179164886475,
      394.4635696411133,
      172.3133544921875,
      130.81943130493164,
      0.0,
      370.3356513977051,
      155.12738259136677,
      443.03060150146484,
      75.71054410934448,
      78.48283004760742
    ],
    [
      334.3101396560669,
      70.5898323059082,
      280.45954513549805,
      239.51622009277344,
      370.3356513977051,
      0.0,
      215.2082688063383,
      72.69495010375977,
      294.6251072883606,
      291.85282135009766
    ],
    [
      119.10187084972858,
      239.3361870497465,
      112.38623841106892,
      95.77714125812054,
      155.12738259136677,
      215.2082688063383,
      0.0,
      287.9032189100981,
      79.41683848202229,
      76.64455254375935
    ],
    [
      407.00508975982666,
      56.00376892089844,
      270.71724700927734,
      312.2111701965332,
      443.03060150146484,
      72.69495010375977,
      287.9032189100981,
      0.0,
      367.32005739212036,
      364.5477714538574
    ],
    [
      152.96462488174438,
      318.7530255317688,
      96.60281038284302,
      144.58995008468628,
      75.71054410934448,
      294.6251072883606,
      79.41683848202229,
      367.32005739212036,
      0.0,
      83.28607130050659
    ],
    [
      69.6785535812378,
      315.98073959350586,
      146.85950088500977,
      61.30387878417969,
      78.48283004760742,
      291.85282135009766,
      76.64455254375935,
      364.5477714538574,
      83.28607130050659,
      0.0
    ]
  ]
}