{
  "case_id": 1,
  "method": "tsne",
  "dim": 2,
  "seeds": [
    0,
    1,
    2,
    3,
    4,
    5,
    6,
    7,
    8,
    9
  ],
  "model_paths": [
    "/mnt/home/tianyuez/landscape-v2/grid_world/models/gridworld_ppo_case_1_seed_0.pt",
    "/mnt/home/tianyuez/landscape-v2/grid_world/models/gridworld_ppo_case_1_seed_1.pt",
    "/mnt/home/tianyuez/landscape-v2/grid_world/models/gridworld_ppo_case_1_seed_2.pt",
    "/mnt/home/tianyuez/landscape-v2/grid_world/models/gridworld_ppo_case_1_seed_3.pt",
    "/mnt/home/tianyuez/landscape-v2/grid_world/models/gridworld_ppo_case_1_seed_4.pt",
    "/mnt/home/tianyuez/landscape-v2/grid_world/models/gridworld_ppo_case_1_seed_5.pt",
    "/mnt/home/tianyuez/landscape-v2/grid_world/models/gridworld_ppo_case_1_seed_6.pt",
    "/mnt/home/tianyuez/landscape-v2/grid_world/models/gridworld_ppo_case_1_seed_7.pt",
    "/mnt/home/tianyuez/landscape-v2/grid_world/models/gridworld_ppo_case_1_seed_8.pt",
    "/mnt/home/tianyuez/landscape-v2/grid_world/models/gridworld_ppo_case_1_seed_9.pt"
  ],
  "distance_matrix": [
    [
      0.0,
      253.49783838420657,
      180.9186351839219,
      67.29049845308262,
      67.77591079417985,
      240.6753274083553,
      111.87684395686445,
      289.90267977005936,
      111.74318381726616,
      57.69629410502817
    ],
    [
      253.49783838420657,
      0.0,
      216.09721707357608,
      186.42846248880824,
      284.9128788971443,
      52.74979082298257,
      182.7359272505241,
      52.41745280471855,
      247.99807839677214,
      227.83120352945497
    ],
    [
      180.9186351839219,
      216.09721707357608,
      0.0,
      150.08953710497113,
      151.66300788984285,
      242.76571682318266,
      80.39286104613214,
      268.3062952358827,
      81.77311270521413,
      123.2312466822825
    ],
    [
      67.29049845308262,
      186.42846248880824,
      150.08953710497113,
      0.0,
      108.59434197211648,
      176.91064867421315,
      69.87180147713983,
      224.50642605248802,
      109.4149055509075,
      56.99686563818026
    ],
    [
      67.77591079417985,
      284.9128788971443,
      151.66300788984285,
      108.59434197211648,
      0.0,
      283.2657806632086,
      110.22593723336277,
      328.1489989395669,
      70.16548134401276,
      57.12275455541107
    ],
    [
      240.6753274083553,
      52.74979082298257,
      242.76571682318266,
      176.91064867421315,
      283.2657806632086,
      0.0,
      193.08448331741369,
      52.42761207445769,
      258.69242447690414,
      226.965901793358
    ],
    [
      111.87684395686445,
      182.7359272505241,
      80.39286104613214,
      69.87180147713983,
      110.22593723336277,
      193.08448331741369,
      0.0,
      230.70175262308908,
      65.91556925347179,
      59.425555362277876
    ],
    [
      289.90267977005936,
      52.41745280471855,
      268.3062952358827,
      224.50642605248802,
      328.1489989395669,
      52.42761207445769,
      230.70175262308908,
      0.0,
      296.5209399594832,
      271.1636086511447
    ],
    [
      111.74318381726616,
      247.99807839677214,
      81.77311270521413,
      109.4149055509075,
      70.16548134401276,
      258.69242447690414,
      65.91556925347179,
      296.5209399594832,
      0.0,
      58.92476237540784
    ],
    [
      57.69629410502817,
      227.83120352945497,
      123.2312466822825,
      56.99686563818026,
      57.12275455541107,
      226.965901793358,
      59.425555362277876,
      271.1636086511447,
      58.92476237540784,
      0.0
    ]
  ]
}