{
  "case_id": 3,
  "method": "tsne",
  "dim": 12,
  "seeds": [
    0,
    1,
    2,
    3,
    4,
    5,
    6,
    7,
    8,
    9,
    10,
    11,
    12,
    13,
    14,
    15,
    16,
    17,
    18,
    19
  ],
  "model_paths": [
    "/mnt/home/tianyuez/landscape-v2/grid_world/models/gridworld_ppo_case_3_seed_0.pt",
    "/mnt/home/tianyuez/landscape-v2/grid_world/models/gridworld_ppo_case_3_seed_1.pt",
    "/mnt/home/tianyuez/landscape-v2/grid_world/models/gridworld_ppo_case_3_seed_2.pt",
    "/mnt/home/tianyuez/landscape-v2/grid_world/models/gridworld_ppo_case_3_seed_3.pt",
    "/mnt/home/tianyuez/landscape-v2/grid_world/models/gridworld_ppo_case_3_seed_4.pt",
    "/mnt/home/tianyuez/landscape-v2/grid_world/models/gridworld_ppo_case_3_seed_5.pt",
    "/mnt/home/tianyuez/landscape-v2/grid_world/models/gridworld_ppo_case_3_seed_6.pt",
    "/mnt/home/tianyuez/landscape-v2/grid_world/models/gridworld_ppo_case_3_seed_7.pt",
    "/mnt/home/tianyuez/landscape-v2/grid_world/models/gridworld_ppo_case_3_seed_8.pt",
    "/mnt/home/tianyuez/landscape-v2/grid_world/models/gridworld_ppo_case_3_seed_9.pt",
    "/mnt/home/tianyuez/landscape-v2/grid_world/models/gridworld_ppo_case_3_seed_10.pt",
    "/mnt/home/tianyuez/landscape-v2/grid_world/models/gridworld_ppo_case_3_seed_11.pt",
    "/mnt/home/tianyuez/landscape-v2/grid_world/models/gridworld_ppo_case_3_seed_12.pt",
    "/mnt/home/tianyuez/landscape-v2/grid_world/models/gridworld_ppo_case_3_seed_13.pt",
    "/mnt/home/tianyuez/landscape-v2/grid_world/models/gridworld_ppo_case_3_seed_14.pt",
    "/mnt/home/tianyuez/landscape-v2/grid_world/models/gridworld_ppo_case_3_seed_15.pt",
    "/mnt/home/tianyuez/landscape-v2/grid_world/models/gridworld_ppo_case_3_seed_16.pt",
    "/mnt/home/tianyuez/landscape-v2/grid_world/models/gridworld_ppo_case_3_seed_17.pt",
    "/mnt/home/tianyuez/landscape-v2/grid_world/models/gridworld_ppo_case_3_seed_18.pt",
    "/mnt/home/tianyuez/landscape-v2/grid_world/models/gridworld_ppo_case_3_seed_19.pt"
  ],
  "distance_matrix": [
    [
      0.0,
      22.350144201783994,
      22.906051528315555,
      20.472358933071963,
      28.434755933078645,
      310.0275924693239,
      229.40334385096426,
      17.11489968645898,
      131.89981364177973,
      157.04056413137147,
      27.272589520603763,
      36.435510792499,
      22.757416036313685,
      16.153205156513867,
      24.11529561875946,
      116.12396380700993,
      90.14161760946865,
      115.86424964286188,
      24.19489531942067,
      28.790267697764936
    ],
    [
      22.350144201783994,
      0.0,
      14.234481555218885,
      19.8421481670144,
      21.233534814602525,
      309.9923320823516,
      230.47909941046743,
      16.067902273582142,
      133.76411780191017,
      153.86181437066605,
      17.26720912473167,
      18.517472272835754,
      14.01082972420732,
      14.20111654881125,
      19.71908218352591,
      118.48558932465599,
      85.49434862076039,
      115.86971116205626,
      19.005687519476638,
      22.580491300748434
    ],
    [
      22.906051528315555,
      14.234481555218885,
      0.0,
      16.894645714431363,
      18.538159490409658,
      317.32240633624616,
      226.11645042478747,
      14.210108756853714,
      130.44104193950312,
      152.39256702892325,
      15.819146251607622,
      17.95532521509841,
      15.007096531883457,
      14.644235190141297,
      14.020362089387818,
      113.665072263436,
      90.20705107128263,
      122.28482371538514,
      21.375723152859987,
      22.81207790716994
    ],
    [
      20.472358933071963,
      19.8421481670144,
      16.894645714431363,
      0.0,
      27.396436829890273,
      317.28094080272007,
      223.49555874466455,
      18.38225305860671,
      130.4243081724483,
      162.05407340410235,
      15.870035844541652,
      26.350473748457304,
      22.854289663175763,
      13.917027411411457,
      18.171452527239623,
      114.2319114838938,
      91.62671922519846,
      112.25764574843826,
      25.58359235243325,
      31.42823788718152
    ],
    [
      28.434755933078645,
      21.233534814602525,
      18.538159490409658,
      27.396436829890273,
      0.0,
      304.3498558072077,
      240.20745173508092,
      18.298057024782388,
      130.95803877988894,
      146.0808891845054,
      22.83383108438565,
      21.67955140130448,
      13.836052115888956,
      26.127295589337088,
      21.8209601473644,
      116.3317218021089,
      89.77868643650332,
      129.27154274667944,
      24.483839415442485,
      26.62954545330804
    ],
    [
      310.0275924693239,
      309.9923320823516,
      317.32240633624616,
      317.28094080272007,
      304.3498558072077,
      0.0,
      526.3665743679112,
      311.3143738163052,
      300.3881507776936,
      335.37719726659344,
      314.03925384154644,
      312.4946401141924,
      306.30578939544256,
      316.722140131994,
      316.1999345102347,
      340.78122995342835,
      337.6986169880559,
      335.9876876165163,
      313.19677130183544,
      308.85161414874597
    ],
    [
      229.40334385096426,
      230.47909941046743,
      226.11645042478747,
      223.49555874466455,
      240.20745173508092,
      526.3665743679112,
      0.0,
      229.57508740432783,
      315.2990966451809,
      312.059602196665,
      227.28385922304182,
      230.4540658379838,
      235.6404312318267,
      224.34524267908316,
      229.30675132493562,
      232.79539757242014,
      211.10617673956344,
      242.8430497229493,
      228.20107021039166,
      234.03698873759595
    ],
    [
      17.11489968645898,
      16.067902273582142,
      14.210108756853714,
      18.38225305860671,
      18.298057024782388,
      311.3143738163052,
      229.57508740432783,
      0.0,
      133.08939366752506,
      151.70417176316118,
      16.655026702929657,
      24.552825348875952,
      15.58808146883674,
      14.177395371194068,
      17.83734280010557,
      116.45084427543041,
      86.22578896098872,
      118.428337233561,
      19.697716978319107,
      22.924756244709922
    ],
    [
      131.89981364177973,
      133.76411780191017,
      130.44104193950312,
      130.4243081724483,
      130.95803877988894,
      300.3881507776936,
      315.2990966451809,
      133.08939366752506,
      0.0,
      213.53352410113894,
      134.4348216884335,
      134.27503081696372,
      133.34817704789805,
      131.40705678376693,
      130.44877325131594,
      157.6554663417415,
      217.16900438881123,
      180.3390161871323,
      145.6247364025687,
      136.06534923927015
    ],
    [
      157.04056413137147,
      153.86181437066605,
      152.39256702892325,
      162.05407340410235,
      146.0808891845054,
      335.37719726659344,
      312.059602196665,
      151.70417176316118,
      213.53352410113894,
      0.0,
      157.9725454740052,
      154.4133122204922,
      151.11762214297127,
      154.38043623438048,
      145.5907680066423,
      232.2709885176092,
      161.56541800249974,
      236.12569853172005,
      147.4780472864924,
      154.38709630016768
    ],
    [
      27.272589520603763,
      17.26720912473167,
      15.819146251607622,
      15.870035844541652,
      22.83383108438565,
      314.03925384154644,
      227.28385922304182,
      16.655026702929657,
      134.4348216884335,
      157.9725454740052,
      0.0,
      16.82337952445515,
      16.339460892671095,
      18.85863016545033,
      17.988626520062322,
      120.22255925800131,
      86.5340669860689,
      111.73068727646955,
      21.428516307865262,
      25.442351300647243
    ],
    [
      36.435510792499,
      18.517472272835754,
      17.95532521509841,
      26.350473748457304,
      21.67955140130448,
      312.4946401141924,
      230.4540658379838,
      24.552825348875952,
      134.27503081696372,
      154.4133122204922,
      16.82337952445515,
      0.0,
      20.0615063455405,
      26.46754298708518,
      24.527757602167867,
      115.65596538356229,
      87.87733766023301,
      123.07632377951103,
      27.66841184867823,
      28.87274588714442
    ],
    [
      22.757416036313685,
      14.01082972420732,
      15.007096531883457,
      22.854289663175763,
      13.836052115888956,
      306.30578939544256,
      235.6404312318267,
      15.58808146883674,
      133.34817704789805,
      151.11762214297127,
      16.339460892671095,
      20.0615063455405,
      0.0,
      20.591118947842602,
      18.360698190113816,
      120.40943106594325,
      86.60096919788174,
      119.2207529921626,
      16.632505370913776,
      17.960394658913586
    ],
    [
      16.153205156513867,
      14.20111654881125,
      14.644235190141297,
      13.917027411411457,
      26.127295589337088,
      316.722140131994,
      224.34524267908316,
      14.177395371194068,
      131.40705678376693,
      154.38043623438048,
      18.85863016545033,
      26.46754298708518,
      20.591118947842602,
      0.0,
      15.58574275509053,
      118.57335872664693,
      88.38900409508481,
      113.81304067984247,
      22.21806040186732,
      29.376600931944928
    ],
    [
      24.11529561875946,
      19.71908218352591,
      14.020362089387818,
      18.171452527239623,
      21.8209601473644,
      316.1999345102347,
      229.30675132493562,
      17.83734280010557,
      130.44877325131594,
      145.5907680066423,
      17.988626520062322,
      24.527757602167867,
      18.360698190113816,
      15.58574275509053,
      0.0,
      124.09562392483741,
      90.33638228677006,
      119.55484152692708,
      21.104430243458907,
      28.32650848720338
    ],
    [
      116.12396380700993,
      118.48558932465599,
      113.665072263436,
      114.2319114838938,
      116.3317218021089,
      340.78122995342835,
      232.79539757242014,
      116.45084427543041,
      157.6554663417415,
      232.2709885176092,
      120.22255925800131,
      115.65596538356229,
      120.40943106594325,
      118.57335872664693,
      124.09562392483741,
      0.0,
      161.12995387858913,
      200.40742613802598,
      126.80084368019311,
      120.26626746574995
    ],
    [
      90.14161760946865,
      85.49434862076039,
      90.20705107128263,
      91.62671922519846,
      89.77868643650332,
      337.6986169880559,
      211.10617673956344,
      86.22578896098872,
      217.16900438881123,
      161.56541800249974,
      86.5340669860689,
      87.87733766023301,
      86.60096919788174,
      88.38900409508481,
      90.33638228677006,
      161.12995387858913,
      0.0,
      143.72883549237523,
      76.37982970760599,
      88.29300677007963
    ],
    [
      115.86424964286188,
      115.86971116205626,
      122.28482371538514,
      112.25764574843826,
      129.27154274667944,
      335.9876876165163,
      242.8430497229493,
      118.428337233561,
      180.3390161871323,
      236.12569853172005,
      111.73068727646955,
      123.07632377951103,
      119.2207529921626,
      113.81304067984247,
      119.55484152692708,
      200.40742613802598,
      143.72883549237523,
      0.0,
      117.3528708973461,
      119.48590939188347
    ],
    [
      24.19489531942067,
      19.005687519476638,
      21.375723152859987,
      25.58359235243325,
      24.483839415442485,
      313.19677130183544,
      228.20107021039166,
      19.697716978319107,
      145.6247364025687,
      147.4780472864924,
      21.428516307865262,
      27.66841184867823,
      16.632505370913776,
      22.21806040186732,
      21.104430243458907,
      126.80084368019311,
      76.37982970760599,
      117.3528708973461,
      0.0,
      24.236888815285234
    ],
    [
      28.790267697764936,
      22.580491300748434,
      22.81207790716994,
      31.42823788718152,
      26.62954545330804,
      308.85161414874597,
      234.03698873759595,
      22.924756244709922,
      136.06534923927015,
      154.38709630016768,
      25.442351300647243,
      28.87274588714442,
      17.960394658913586,
      29.376600931944928,
      28.32650848720338,
      120.26626746574995,
      88.29300677007963,
      119.48590939188347,
      24.236888815285234,
      0.0
    ]
  ]
}