{
  "case_id": 3,
  "method": "tsne",
  "dim": 9,
  "seeds": [
    0,
    1,
    2,
    3,
    4,
    5,
    6,
    7,
    8,
    9,
    10,
    11,
    12,
    13,
    14,
    15,
    16,
    17,
    18,
    19
  ],
  "model_paths": [
    "/mnt/home/tianyuez/landscape-v2/grid_world/models/gridworld_ppo_case_3_seed_0.pt",
    "/mnt/home/tianyuez/landscape-v2/grid_world/models/gridworld_ppo_case_3_seed_1.pt",
    "/mnt/home/tianyuez/landscape-v2/grid_world/models/gridworld_ppo_case_3_seed_2.pt",
    "/mnt/home/tianyuez/landscape-v2/grid_world/models/gridworld_ppo_case_3_seed_3.pt",
    "/mnt/home/tianyuez/landscape-v2/grid_world/models/gridworld_ppo_case_3_seed_4.pt",
    "/mnt/home/tianyuez/landscape-v2/grid_world/models/gridworld_ppo_case_3_seed_5.pt",
    "/mnt/home/tianyuez/landscape-v2/grid_world/models/gridworld_ppo_case_3_seed_6.pt",
    "/mnt/home/tianyuez/landscape-v2/grid_world/models/gridworld_ppo_case_3_seed_7.pt",
    "/mnt/home/tianyuez/landscape-v2/grid_world/models/gridworld_ppo_case_3_seed_8.pt",
    "/mnt/home/tianyuez/landscape-v2/grid_world/models/gridworld_ppo_case_3_seed_9.pt",
    "/mnt/home/tianyuez/landscape-v2/grid_world/models/gridworld_ppo_case_3_seed_10.pt",
    "/mnt/home/tianyuez/landscape-v2/grid_world/models/gridworld_ppo_case_3_seed_11.pt",
    "/mnt/home/tianyuez/landscape-v2/grid_world/models/gridworld_ppo_case_3_seed_12.pt",
    "/mnt/home/tianyuez/landscape-v2/grid_world/models/gridworld_ppo_case_3_seed_13.pt",
    "/mnt/home/tianyuez/landscape-v2/grid_world/models/gridworld_ppo_case_3_seed_14.pt",
    "/mnt/home/tianyuez/landscape-v2/grid_world/models/gridworld_ppo_case_3_seed_15.pt",
    "/mnt/home/tianyuez/landscape-v2/grid_world/models/gridworld_ppo_case_3_seed_16.pt",
    "/mnt/home/tianyuez/landscape-v2/grid_world/models/gridworld_ppo_case_3_seed_17.pt",
    "/mnt/home/tianyuez/landscape-v2/grid_world/models/gridworld_ppo_case_3_seed_18.pt",
    "/mnt/home/tianyuez/landscape-v2/grid_world/models/gridworld_ppo_case_3_seed_19.pt"
  ],
  "distance_matrix": [
    [
      0.0,
      43.01221485709444,
      49.089468134253664,
      60.24099356999624,
      50.96615871620037,
      107.4751738291892,
      44.968111663040546,
      51.01001560415728,
      49.07783289340743,
      50.33684912230961,
      50.471754827131576,
      63.59689022052079,
      54.1239065551028,
      45.35692664458667,
      55.898079801133015,
      124.25147844109983,
      46.336972810038816,
      55.307028871588145,
      49.25131920341972,
      55.73864223792183
    ],
    [
      43.01221485709444,
      0.0,
      17.409966771916597,
      25.735934093464763,
      22.378042640304034,
      120.32884747671035,
      42.666500341223376,
      17.84970942244245,
      17.266178777140496,
      22.05991408307711,
      21.571522837155,
      24.178815087711783,
      16.878733316116328,
      19.08345636648734,
      25.83587441734492,
      99.03839281136244,
      17.375115693177126,
      17.189722284739506,
      16.92844904695539,
      21.991187502468478
    ],
    [
      49.089468134253664,
      17.409966771916597,
      0.0,
      23.221368892298813,
      25.089183947805616,
      112.93248316973747,
      40.57884689696943,
      20.66544700275253,
      16.137583749220457,
      20.12173058788867,
      21.830953289487645,
      23.078761011094095,
      18.872601872416872,
      16.666837588356593,
      20.10515019115567,
      109.12241075162346,
      23.726306957688728,
      16.920240762574974,
      21.940576611342625,
      29.81256515929275
    ],
    [
      60.24099356999624,
      25.735934093464763,
      23.221368892298813,
      0.0,
      35.58999191546624,
      122.22160815414797,
      56.42285880887006,
      27.313532131958446,
      29.189531447622183,
      22.099711933988587,
      28.51064259042077,
      23.598484914316426,
      28.446164166059265,
      27.35408624008552,
      27.862596028486685,
      103.58374858453877,
      27.414369491098803,
      15.951819251323666,
      21.128235069941937,
      36.675936264314906
    ],
    [
      50.96615871620037,
      22.378042640304034,
      25.089183947805616,
      35.58999191546624,
      0.0,
      120.46258451311253,
      45.9944114276649,
      22.76065311338907,
      18.302052170017976,
      31.262057299910364,
      26.051867955256963,
      28.490692590160048,
      16.574102558878327,
      32.86328097619479,
      27.418003431331716,
      103.77664259158522,
      28.492042422955176,
      27.690604756692945,
      33.15485327611317,
      26.827476467650392
    ],
    [
      107.4751738291892,
      120.32884747671035,
      112.93248316973747,
      122.22160815414797,
      120.46258451311253,
      0.0,
      83.63688548236964,
      114.10838984478484,
      110.38614080041776,
      105.45284585601071,
      113.78536690217298,
      119.00150316808764,
      122.29113161121624,
      106.8185762705971,
      104.87157925201554,
      219.16613504832,
      110.43271894505739,
      118.91775591118773,
      117.73284383806093,
      121.67804066100699
    ],
    [
      44.968111663040546,
      42.666500341223376,
      40.57884689696943,
      56.42285880887006,
      45.9944114276649,
      83.63688548236964,
      0.0,
      38.85616545582725,
      34.83749535561829,
      36.665926733794635,
      41.95765098139277,
      46.53201771534689,
      45.96278630496371,
      33.213683483010385,
      35.20681398591738,
      138.52598424813456,
      36.272090174353025,
      47.03479450070582,
      45.230709733129274,
      42.98132469589659
    ],
    [
      51.01001560415728,
      17.84970942244245,
      20.66544700275253,
      27.313532131958446,
      22.76065311338907,
      114.10838984478484,
      38.85616545582725,
      0.0,
      17.822581791827425,
      18.56027108141772,
      19.963605921751974,
      16.814455686104473,
      18.013840796698418,
      17.524202990199623,
      16.913160821968777,
      107.75279593905339,
      17.424001591385966,
      17.032816682363702,
      18.03699382384328,
      22.21904894130908
    ],
    [
      49.07783289340743,
      17.266178777140496,
      16.137583749220457,
      29.189531447622183,
      18.302052170017976,
      110.38614080041776,
      34.83749535561829,
      17.822581791827425,
      0.0,
      17.265395409475452,
      23.178293554142357,
      20.015648699305682,
      16.980919134826486,
      21.436982863411153,
      16.971083819197585,
      110.58099854330013,
      18.509053386306938,
      19.93575261968005,
      25.27980208413589,
      21.1266925094788
    ],
    [
      50.33684912230961,
      22.05991408307711,
      20.12173058788867,
      22.099711933988587,
      31.262057299910364,
      105.45284585601071,
      36.665926733794635,
      18.56027108141772,
      17.265395409475452,
      0.0,
      26.43617703287426,
      20.82451296926041,
      27.10033681556014,
      17.36683851306695,
      17.273491285873195,
      115.73976450971806,
      17.12060790069546,
      16.97461092575316,
      19.316472493458466,
      29.046278220090713
    ],
    [
      50.471754827131576,
      21.571522837155,
      21.830953289487645,
      28.51064259042077,
      26.051867955256963,
      113.78536690217298,
      41.95765098139277,
      19.963605921751974,
      23.178293554142357,
      26.43617703287426,
      0.0,
      23.146568419981396,
      17.406536787735007,
      20.20779829108751,
      17.06539421423993,
      110.1730979456556,
      16.64048660478971,
      23.797362564786038,
      21.086320584137148,
      25.643710728600624
    ],
    [
      63.59689022052079,
      24.178815087711783,
      23.078761011094095,
      23.598484914316426,
      28.490692590160048,
      119.00150316808764,
      46.53201771534689,
      16.814455686104473,
      20.015648699305682,
      20.82451296926041,
      23.146568419981396,
      0.0,
      18.21278329373689,
      24.368704575720333,
      16.172295446907885,
      105.84103200629127,
      21.26346384531982,
      16.5189049336887,
      21.753741761766882,
      20.924849957045833
    ],
    [
      54.1239065551028,
      16.878733316116328,
      18.872601872416872,
      28.446164166059265,
      16.574102558878327,
      122.29113161121624,
      45.96278630496371,
      18.013840796698418,
      16.980919134826486,
      27.10033681556014,
      17.406536787735007,
      18.21278329373689,
      0.0,
      25.674904386263098,
      20.991158145657057,
      100.28271824617273,
      21.535201691610933,
      21.221668335605603,
      22.596219747640927,
      17.452927273858727
    ],
    [
      45.35692664458667,
      19.08345636648734,
      16.666837588356593,
      27.35408624008552,
      32.86328097619479,
      106.8185762705971,
      33.213683483010385,
      17.524202990199623,
      21.436982863411153,
      17.36683851306695,
      20.20779829108751,
      24.368704575720333,
      25.674904386263098,
      0.0,
      18.765297126482384,
      114.37142846135218,
      17.511295872510733,
      18.816452811078886,
      17.05641466219265,
      29.748142422122182
    ],
    [
      55.898079801133015,
      25.83587441734492,
      20.10515019115567,
      27.862596028486685,
      27.418003431331716,
      104.87157925201554,
      35.20681398591738,
      16.913160821968777,
      16.971083819197585,
      17.273491285873195,
      17.06539421423993,
      16.172295446907885,
      20.991158145657057,
      18.765297126482384,
      0.0,
      118.39105079376155,
      17.780505161960107,
      21.128934991874242,
      23.599539135602857,
      25.808991139784386
    ],
    [
      124.25147844109983,
      99.03839281136244,
      109.12241075162346,
      103.58374858453877,
      103.77664259158522,
      219.16613504832,
      138.52598424813456,
      107.75279593905339,
      110.58099854330013,
      115.73976450971806,
      110.1730979456556,
      105.84103200629127,
      100.28271824617273,
      114.37142846135218,
      118.39105079376155,
      0.0,
      110.48526822743472,
      103.58319957855718,
      104.2358456583853,
      101.66135452899348
    ],
    [
      46.336972810038816,
      17.375115693177126,
      23.726306957688728,
      27.414369491098803,
      28.492042422955176,
      110.43271894505739,
      36.272090174353025,
      17.424001591385966,
      18.509053386306938,
      17.12060790069546,
      16.64048660478971,
      21.26346384531982,
      21.535201691610933,
      17.511295872510733,
      17.780505161960107,
      110.48526822743472,
      0.0,
      21.902199380421457,
      16.372834234656537,
      19.53086444320988
    ],
    [
      55.307028871588145,
      17.189722284739506,
      16.920240762574974,
      15.951819251323666,
      27.690604756692945,
      118.91775591118773,
      47.03479450070582,
      17.032816682363702,
      19.93575261968005,
      16.97461092575316,
      23.797362564786038,
      16.5189049336887,
      21.221668335605603,
      18.816452811078886,
      21.128934991874242,
      103.58319957855718,
      21.902199380421457,
      0.0,
      17.420572555945352,
      29.009424366620763
    ],
    [
      49.25131920341972,
      16.92844904695539,
      21.940576611342625,
      21.128235069941937,
      33.15485327611317,
      117.73284383806093,
      45.230709733129274,
      18.03699382384328,
      25.27980208413589,
      19.316472493458466,
      21.086320584137148,
      21.753741761766882,
      22.596219747640927,
      17.05641466219265,
      23.599539135602857,
      104.2358456583853,
      16.372834234656537,
      17.420572555945352,
      0.0,
      25.383688999832334
    ],
    [
      55.73864223792183,
      21.991187502468478,
      29.81256515929275,
      36.675936264314906,
      26.827476467650392,
      121.67804066100699,
      42.98132469589659,
      22.21904894130908,
      21.1266925094788,
      29.046278220090713,
      25.643710728600624,
      20.924849957045833,
      17.452927273858727,
      29.748142422122182,
      25.808991139784386,
      101.66135452899348,
      19.53086444320988,
      29.009424366620763,
      25.383688999832334,
      0.0
    ]
  ]
}