{
  "case_id": 2,
  "method": "tsne",
  "dim": 6,
  "seeds": [
    0,
    1,
    2,
    3,
    4,
    5,
    6,
    7,
    8,
    9
  ],
  "model_paths": [
    "/mnt/home/tianyuez/landscape-v2/grid_world/models/gridworld_ppo_case_2_seed_0.pt",
    "/mnt/home/tianyuez/landscape-v2/grid_world/models/gridworld_ppo_case_2_seed_1.pt",
    "/mnt/home/tianyuez/landscape-v2/grid_world/models/gridworld_ppo_case_2_seed_2.pt",
    "/mnt/home/tianyuez/landscape-v2/grid_world/models/gridworld_ppo_case_2_seed_3.pt",
    "/mnt/home/tianyuez/landscape-v2/grid_world/models/gridworld_ppo_case_2_seed_4.pt",
    "/mnt/home/tianyuez/landscape-v2/grid_world/models/gridworld_ppo_case_2_seed_5.pt",
    "/mnt/home/tianyuez/landscape-v2/grid_world/models/gridworld_ppo_case_2_seed_6.pt",
    "/mnt/home/tianyuez/landscape-v2/grid_world/models/gridworld_ppo_case_2_seed_7.pt",
    "/mnt/home/tianyuez/landscape-v2/grid_world/models/gridworld_ppo_case_2_seed_8.pt",
    "/mnt/home/tianyuez/landscape-v2/grid_world/models/gridworld_ppo_case_2_seed_9.pt"
  ],
  "distance_norm": "l1",
  "distance_matrix": [
    [
      0.0,
      152.15753370523453,
      118.9977018237114,
      104.46587328612804,
      83.76986736059189,
      70.33999210596085,
      232.71144300699234,
      92.41271334886551,
      96.37069195508957,
      139.523723423481
    ],
    [
      152.15753370523453,
      0.0,
      162.51627373695374,
      133.19554625451565,
      148.08495664596558,
      153.27209424972534,
      208.0692195892334,
      81.16220116615295,
      71.13468909263611,
      148.05682265758514
    ],
    [
      118.9977018237114,
      162.51627373695374,
      0.0,
      124.64055286347866,
      82.40271258354187,
      101.14387679100037,
      197.48688912391663,
      173.18796014785767,
      129.3266363143921,
      159.3373705148697
    ],
    [
      104.46587328612804,
      133.19554625451565,
      124.64055286347866,
      0.0,
      89.21458281576633,
      131.43425597250462,
      249.13032113015652,
      117.42801012098789,
      82.73268161714077,
      59.82073999941349
    ],
    [
      83.76986736059189,
      148.08495664596558,
      82.40271258354187,
      89.21458281576633,
      0.0,
      77.57840490341187,
      207.98183679580688,
      127.23630690574646,
      96.66143012046814,
      123.31516516208649
    ],
    [
      70.33999210596085,
      153.27209424972534,
      101.14387679100037,
      131.43425597250462,
      77.57840490341187,
      0.0,
      173.0284481048584,
      101.30528807640076,
      127.0985381603241,
      165.3572508096695
    ],
    [
      232.71144300699234,
      208.0692195892334,
      197.48688912391663,
      249.13032113015652,
      207.98183679580688,
      173.0284481048584,
      0.0,
      245.90380787849426,
      224.25462746620178,
      283.635417342186
    ],
    [
      92.41271334886551,
      81.16220116615295,
      173.18796014785767,
      117.42801012098789,
      127.23630690574646,
      101.30528807640076,
      245.90380787849426,
      0.0,
      80.47738218307495,
      148.96903884410858
    ],
    [
      96.37069195508957,
      71.13468909263611,
      129.3266363143921,
      82.73268161714077,
      96.66143012046814,
      127.0985381603241,
      224.25462746620178,
      80.47738218307495,
      0.0,
      89.93561375141144
    ],
    [
      139.523723423481,
      148.05682265758514,
      159.3373705148697,
      59.82073999941349,
      123.31516516208649,
      165.3572508096695,
      283.635417342186,
      148.96903884410858,
      89.93561375141144,
      0.0
    ]
  ]
}