{
  "case_id": 2,
  "method": "tsne",
  "dim": 9,
  "seeds": [
    0,
    1,
    2,
    3,
    4,
    5,
    6,
    7,
    8,
    9
  ],
  "model_paths": [
    "/mnt/home/tianyuez/landscape-v2/grid_world/models/gridworld_ppo_case_2_seed_0.pt",
    "/mnt/home/tianyuez/landscape-v2/grid_world/models/gridworld_ppo_case_2_seed_1.pt",
    "/mnt/home/tianyuez/landscape-v2/grid_world/models/gridworld_ppo_case_2_seed_2.pt",
    "/mnt/home/tianyuez/landscape-v2/grid_world/models/gridworld_ppo_case_2_seed_3.pt",
    "/mnt/home/tianyuez/landscape-v2/grid_world/models/gridworld_ppo_case_2_seed_4.pt",
    "/mnt/home/tianyuez/landscape-v2/grid_world/models/gridworld_ppo_case_2_seed_5.pt",
    "/mnt/home/tianyuez/landscape-v2/grid_world/models/gridworld_ppo_case_2_seed_6.pt",
    "/mnt/home/tianyuez/landscape-v2/grid_world/models/gridworld_ppo_case_2_seed_7.pt",
    "/mnt/home/tianyuez/landscape-v2/grid_world/models/gridworld_ppo_case_2_seed_8.pt",
    "/mnt/home/tianyuez/landscape-v2/grid_world/models/gridworld_ppo_case_2_seed_9.pt"
  ],
  "distance_norm": "l1",
  "distance_matrix": [
    [
      0.0,
      124.74907400330994,
      76.60792336415034,
      88.902718638652,
      73.01139597955626,
      110.78144322836306,
      67.38349764642771,
      86.43582070490811,
      90.25746819528285,
      98.81782442482654
    ],
    [
      124.74907400330994,
      0.0,
      129.96746281604283,
      100.49545277561992,
      116.66769829625264,
      154.8219446055591,
      73.78817546833307,
      46.5399039760232,
      58.54025137703866,
      102.91365537326783
    ],
    [
      76.60792336415034,
      129.96746281604283,
      0.0,
      114.75748614198528,
      67.9039684177842,
      105.70431515132077,
      93.45221531041898,
      99.19283935357817,
      115.40851918957196,
      63.29878903529607
    ],
    [
      88.902718638652,
      100.49545277561992,
      114.75748614198528,
      0.0,
      69.0215426995419,
      117.25164159666747,
      38.07895293459296,
      81.51373341586441,
      56.79586645588279,
      108.59470308944583
    ],
    [
      73.01139597955626,
      116.66769829625264,
      67.9039684177842,
      69.0215426995419,
      0.0,
      81.94675529142842,
      69.1675318502821,
      108.54779466474429,
      83.06736882543191,
      79.91383605217561
    ],
    [
      110.78144322836306,
      154.8219446055591,
      105.70431515132077,
      117.25164159666747,
      81.94675529142842,
      0.0,
      101.17412918899208,
      155.78125261887908,
      134.3315393542871,
      102.0117170130834
    ],
    [
      67.38349764642771,
      73.78817546833307,
      93.45221531041898,
      38.07895293459296,
      69.1675318502821,
      101.17412918899208,
      0.0,
      67.55513468105346,
      43.64414196461439,
      87.5601430311799
    ],
    [
      86.43582070490811,
      46.5399039760232,
      99.19283935357817,
      81.51373341586441,
      108.54779466474429,
      155.78125261887908,
      67.55513468105346,
      0.0,
      54.89794249366969,
      106.28296796511859
    ],
    [
      90.25746819528285,
      58.54025137703866,
      115.40851918957196,
      56.79586645588279,
      83.06736882543191,
      134.3315393542871,
      43.64414196461439,
      54.89794249366969,
      0.0,
      101.98849865794182
    ],
    [
      98.81782442482654,
      102.91365537326783,
      63.29878903529607,
      108.59470308944583,
      79.91383605217561,
      102.0117170130834,
      87.5601430311799,
      106.28296796511859,
      101.98849865794182,
      0.0
    ]
  ]
}