{
  "case_id": 2,
  "method": "tsne",
  "dim": 6,
  "seeds": [
    0,
    1,
    2,
    3,
    4,
    5,
    6,
    7,
    8,
    9
  ],
  "model_paths": [
    "/mnt/home/tianyuez/landscape-v2/grid_world/models/gridworld_ppo_case_2_seed_0.pt",
    "/mnt/home/tianyuez/landscape-v2/grid_world/models/gridworld_ppo_case_2_seed_1.pt",
    "/mnt/home/tianyuez/landscape-v2/grid_world/models/gridworld_ppo_case_2_seed_2.pt",
    "/mnt/home/tianyuez/landscape-v2/grid_world/models/gridworld_ppo_case_2_seed_3.pt",
    "/mnt/home/tianyuez/landscape-v2/grid_world/models/gridworld_ppo_case_2_seed_4.pt",
    "/mnt/home/tianyuez/landscape-v2/grid_world/models/gridworld_ppo_case_2_seed_5.pt",
    "/mnt/home/tianyuez/landscape-v2/grid_world/models/gridworld_ppo_case_2_seed_6.pt",
    "/mnt/home/tianyuez/landscape-v2/grid_world/models/gridworld_ppo_case_2_seed_7.pt",
    "/mnt/home/tianyuez/landscape-v2/grid_world/models/gridworld_ppo_case_2_seed_8.pt",
    "/mnt/home/tianyuez/landscape-v2/grid_world/models/gridworld_ppo_case_2_seed_9.pt"
  ],
  "distance_matrix": [
    [
      0.0,
      74.15870413280166,
      49.79298300491487,
      41.68494863578614,
      32.747224884250976,
      35.19517097916227,
      44.255478543054984,
      65.82845515739872,
      57.26789197014588,
      34.44304725440581
    ],
    [
      74.15870413280166,
      0.0,
      76.0587987983774,
      65.57494977574102,
      78.28756655355649,
      73.93979822014653,
      54.639478938758444,
      34.87108077551962,
      40.66589933696728,
      44.649666662502746
    ],
    [
      49.79298300491487,
      76.0587987983774,
      0.0,
      55.79714578013501,
      34.295521456865636,
      32.50854996487976,
      40.07468869597625,
      79.9991698767279,
      70.15546346907747,
      41.35498851423446
    ],
    [
      41.68494863578614,
      65.57494977574102,
      55.79714578013501,
      0.0,
      36.29936260673526,
      57.5021918966588,
      55.81811431108229,
      53.24430978385887,
      35.51341336601556,
      31.792453045347067
    ],
    [
      32.747224884250976,
      78.28756655355649,
      34.295521456865636,
      36.29936260673526,
      0.0,
      34.643072542319,
      40.708366972124935,
      69.37648765616227,
      58.918593430464014,
      35.41707935138899
    ],
    [
      35.19517097916227,
      73.93979822014653,
      32.50854996487976,
      57.5021918966588,
      34.643072542319,
      0.0,
      35.11369542016307,
      72.88021703195743,
      71.93053208988934,
      39.13684247477861
    ],
    [
      44.255478543054984,
      54.639478938758444,
      40.07468869597625,
      55.81811431108229,
      40.708366972124935,
      35.11369542016307,
      0.0,
      52.570496324760754,
      54.924996498009676,
      30.971397898147718
    ],
    [
      65.82845515739872,
      34.87108077551962,
      79.9991698767279,
      53.24430978385887,
      69.37648765616227,
      72.88021703195743,
      52.570496324760754,
      0.0,
      34.3138380435679,
      44.33579977033993
    ],
    [
      57.26789197014588,
      40.66589933696728,
      70.15546346907747,
      35.51341336601556,
      58.918593430464014,
      71.93053208988934,
      54.924996498009676,
      34.3138380435679,
      0.0,
      33.38084849354289
    ],
    [
      34.44304725440581,
      44.649666662502746,
      41.35498851423446,
      31.792453045347067,
      35.41707935138899,
      39.13684247477861,
      30.971397898147718,
      44.33579977033993,
      33.38084849354289,
      0.0
    ]
  ]
}