{
  "case_id": 1,
  "method": "tsne",
  "dim": 9,
  "seeds": [
    0,
    1,
    2,
    3,
    4,
    5,
    6,
    7,
    8,
    9
  ],
  "model_paths": [
    "/mnt/home/tianyuez/landscape-v2/grid_world/models/gridworld_ppo_case_1_seed_0.pt",
    "/mnt/home/tianyuez/landscape-v2/grid_world/models/gridworld_ppo_case_1_seed_1.pt",
    "/mnt/home/tianyuez/landscape-v2/grid_world/models/gridworld_ppo_case_1_seed_2.pt",
    "/mnt/home/tianyuez/landscape-v2/grid_world/models/gridworld_ppo_case_1_seed_3.pt",
    "/mnt/home/tianyuez/landscape-v2/grid_world/models/gridworld_ppo_case_1_seed_4.pt",
    "/mnt/home/tianyuez/landscape-v2/grid_world/models/gridworld_ppo_case_1_seed_5.pt",
    "/mnt/home/tianyuez/landscape-v2/grid_world/models/gridworld_ppo_case_1_seed_6.pt",
    "/mnt/home/tianyuez/landscape-v2/grid_world/models/gridworld_ppo_case_1_seed_7.pt",
    "/mnt/home/tianyuez/landscape-v2/grid_world/models/gridworld_ppo_case_1_seed_8.pt",
    "/mnt/home/tianyuez/landscape-v2/grid_world/models/gridworld_ppo_case_1_seed_9.pt"
  ],
  "distance_matrix": [
    [
      0.0,
      27.860012272646767,
      19.3126328534152,
      32.21528476943357,
      18.852316891695068,
      31.58702085935849,
      72.11639679155469,
      36.06124374877019,
      55.953234888890464,
      25.444402238160553
    ],
    [
      27.860012272646767,
      0.0,
      26.23950731979277,
      30.878755164742525,
      21.88486405554295,
      21.471561479881384,
      51.621440184263896,
      21.24407505226627,
      40.492800194394995,
      19.908505528731304
    ],
    [
      19.3126328534152,
      26.23950731979277,
      0.0,
      18.982380528859935,
      27.02411320234465,
      28.519251832734025,
      68.75380457716703,
      28.70116535281002,
      54.82497680838778,
      19.09989216137834
    ],
    [
      32.21528476943357,
      30.878755164742525,
      18.982380528859935,
      0.0,
      34.54655782543875,
      34.82293477668687,
      74.95388357704658,
      37.20855657346385,
      55.87848451570188,
      27.738441599526098
    ],
    [
      18.852316891695068,
      21.88486405554295,
      27.02411320234465,
      34.54655782543875,
      0.0,
      19.304909406444068,
      62.85340389785898,
      30.242191937153056,
      39.332695757928406,
      24.656454605669975
    ],
    [
      31.58702085935849,
      21.471561479881384,
      28.519251832734025,
      34.82293477668687,
      19.304909406444068,
      0.0,
      49.97511588428303,
      18.594373326365076,
      30.059671066250424,
      21.03961522230358
    ],
    [
      72.11639679155469,
      51.621440184263896,
      68.75380457716703,
      74.95388357704658,
      62.85340389785898,
      49.97511588428303,
      0.0,
      46.29105450965588,
      54.23449269631732,
      56.06951127056364
    ],
    [
      36.06124374877019,
      21.24407505226627,
      28.70116535281002,
      37.20855657346385,
      30.242191937153056,
      18.594373326365076,
      46.29105450965588,
      0.0,
      37.952441118342556,
      19.433544595145058
    ],
    [
      55.953234888890464,
      40.492800194394995,
      54.82497680838778,
      55.87848451570188,
      39.332695757928406,
      30.059671066250424,
      54.23449269631732,
      37.952441118342556,
      0.0,
      48.29782984777389
    ],
    [
      25.444402238160553,
      19.908505528731304,
      19.09989216137834,
      27.738441599526098,
      24.656454605669975,
      21.03961522230358,
      56.06951127056364,
      19.433544595145058,
      48.29782984777389,
      0.0
    ]
  ]
}