{
  "case_id": 2,
  "method": "tsne",
  "dim": 3,
  "seeds": [
    0,
    1,
    2,
    3,
    4,
    5,
    6,
    7,
    8,
    9
  ],
  "model_paths": [
    "/mnt/home/tianyuez/landscape-v2/grid_world/models/gridworld_ppo_case_2_seed_0.pt",
    "/mnt/home/tianyuez/landscape-v2/grid_world/models/gridworld_ppo_case_2_seed_1.pt",
    "/mnt/home/tianyuez/landscape-v2/grid_world/models/gridworld_ppo_case_2_seed_2.pt",
    "/mnt/home/tianyuez/landscape-v2/grid_world/models/gridworld_ppo_case_2_seed_3.pt",
    "/mnt/home/tianyuez/landscape-v2/grid_world/models/gridworld_ppo_case_2_seed_4.pt",
    "/mnt/home/tianyuez/landscape-v2/grid_world/models/gridworld_ppo_case_2_seed_5.pt",
    "/mnt/home/tianyuez/landscape-v2/grid_world/models/gridworld_ppo_case_2_seed_6.pt",
    "/mnt/home/tianyuez/landscape-v2/grid_world/models/gridworld_ppo_case_2_seed_7.pt",
    "/mnt/home/tianyuez/landscape-v2/grid_world/models/gridworld_ppo_case_2_seed_8.pt",
    "/mnt/home/tianyuez/landscape-v2/grid_world/models/gridworld_ppo_case_2_seed_9.pt"
  ],
  "distance_norm": "l1",
  "distance_matrix": [
    [
      0.0,
      403.02831268310547,
      242.6650857925415,
      266.27972412109375,
      448.85209465026855,
      213.2589054107666,
      286.8392143249512,
      373.8527660369873,
      458.21417140960693,
      305.13659048080444
    ],
    [
      403.02831268310547,
      0.0,
      251.6602544784546,
      552.9095230102539,
      263.0582523345947,
      194.27152824401855,
      468.506046295166,
      273.59180450439453,
      405.0580987930298,
      441.6528944969177
    ],
    [
      242.6650857925415,
      251.6602544784546,
      0.0,
      301.2492685317993,
      206.18700885772705,
      213.50837421417236,
      296.2072591781616,
      172.8071928024292,
      241.70305252075195,
      204.47151803970337
    ],
    [
      266.27972412109375,
      552.9095230102539,
      301.2492685317993,
      0.0,
      384.65568351745605,
      379.12302589416504,
      295.04948806762695,
      368.8828582763672,
      283.6459493637085,
      220.37637948989868
    ],
    [
      448.85209465026855,
      263.0582523345947,
      206.18700885772705,
      384.65568351745605,
      0.0,
      377.0523490905762,
      336.9706401824951,
      272.7970771789551,
      282.46643352508545,
      344.5467572212219
    ],
    [
      213.2589054107666,
      194.27152824401855,
      213.50837421417236,
      379.12302589416504,
      377.0523490905762,
      0.0,
      287.4998950958252,
      274.097843170166,
      358.45924854278564,
      417.97989225387573
    ],
    [
      286.8392143249512,
      468.506046295166,
      296.2072591781616,
      295.04948806762695,
      336.9706401824951,
      287.4998950958252,
      0.0,
      284.4793815612793,
      265.6224546432495,
      449.04588556289673
    ],
    [
      373.8527660369873,
      273.59180450439453,
      172.8071928024292,
      368.8828582763672,
      272.7970771789551,
      274.097843170166,
      284.4793815612793,
      0.0,
      236.49697971343994,
      325.6458191871643
    ],
    [
      458.21417140960693,
      405.0580987930298,
      241.70305252075195,
      283.6459493637085,
      282.46643352508545,
      358.45924854278564,
      265.6224546432495,
      236.49697971343994,
      0.0,
      394.54167890548706
    ],
    [
      305.13659048080444,
      441.6528944969177,
      204.47151803970337,
      220.37637948989868,
      344.5467572212219,
      417.97989225387573,
      449.04588556289673,
      325.6458191871643,
      394.54167890548706,
      0.0
    ]
  ]
}