{
  "case_id": 1,
  "method": "tsne",
  "dim": 3,
  "seeds": [
    0,
    1,
    2,
    3,
    4,
    5,
    6,
    7,
    8,
    9
  ],
  "model_paths": [
    "/mnt/home/tianyuez/landscape-v2/grid_world/models/gridworld_ppo_case_1_seed_0.pt",
    "/mnt/home/tianyuez/landscape-v2/grid_world/models/gridworld_ppo_case_1_seed_1.pt",
    "/mnt/home/tianyuez/landscape-v2/grid_world/models/gridworld_ppo_case_1_seed_2.pt",
    "/mnt/home/tianyuez/landscape-v2/grid_world/models/gridworld_ppo_case_1_seed_3.pt",
    "/mnt/home/tianyuez/landscape-v2/grid_world/models/gridworld_ppo_case_1_seed_4.pt",
    "/mnt/home/tianyuez/landscape-v2/grid_world/models/gridworld_ppo_case_1_seed_5.pt",
    "/mnt/home/tianyuez/landscape-v2/grid_world/models/gridworld_ppo_case_1_seed_6.pt",
    "/mnt/home/tianyuez/landscape-v2/grid_world/models/gridworld_ppo_case_1_seed_7.pt",
    "/mnt/home/tianyuez/landscape-v2/grid_world/models/gridworld_ppo_case_1_seed_8.pt",
    "/mnt/home/tianyuez/landscape-v2/grid_world/models/gridworld_ppo_case_1_seed_9.pt"
  ],
  "distance_matrix": [
    [
      0.0,
      171.04981383505026,
      272.98802479802106,
      111.45144519608797,
      130.7399279462911,
      186.43844172761246,
      172.5898674675487,
      236.22626094589285,
      211.2084927026444,
      114.3562822294057
    ],
    [
      171.04981383505026,
      0.0,
      288.19392204034693,
      145.65121131882498,
      249.20193571325737,
      242.63012552089046,
      207.62492739286546,
      269.47401173574616,
      164.8147880564543,
      226.57688917107515
    ],
    [
      272.98802479802106,
      288.19392204034693,
      0.0,
      183.16614623208255,
      180.52812201799605,
      279.782406235957,
      132.94598094375348,
      206.38187492992512,
      129.85780880010657,
      235.15225240218314
    ],
    [
      111.45144519608797,
      145.65121131882498,
      183.16614623208255,
      0.0,
      113.3120774095988,
      151.4305760327558,
      123.03021298418788,
      155.28217288159163,
      110.98467599224601,
      153.57893543960745
    ],
    [
      130.7399279462911,
      249.20193571325737,
      180.52812201799605,
      113.3120774095988,
      0.0,
      185.35414019530634,
      127.85610157350835,
      181.15732085267146,
      187.05757430106962,
      119.85923725409826
    ],
    [
      186.43844172761246,
      242.63012552089046,
      279.782406235957,
      151.4305760327558,
      185.35414019530634,
      0.0,
      264.9815167901805,
      104.01115788882254,
      235.27774738987216,
      270.12006867723863
    ],
    [
      172.5898674675487,
      207.62492739286546,
      132.94598094375348,
      123.03021298418788,
      127.85610157350835,
      264.9815167901805,
      0.0,
      240.2829723497346,
      116.30572347931256,
      114.5131842550262
    ],
    [
      236.22626094589285,
      269.47401173574616,
      206.38187492992512,
      155.28217288159163,
      181.15732085267146,
      104.01115788882254,
      240.2829723497346,
      0.0,
      194.61702952840153,
      284.22523208006055
    ],
    [
      211.2084927026444,
      164.8147880564543,
      129.85780880010657,
      110.98467599224601,
      187.05757430106962,
      235.27774738987216,
      116.30572347931256,
      194.61702952840153,
      0.0,
      211.01910833220214
    ],
    [
      114.3562822294057,
      226.57688917107515,
      235.15225240218314,
      153.57893543960745,
      119.85923725409826,
      270.12006867723863,
      114.5131842550262,
      284.22523208006055,
      211.01910833220214,
      0.0
    ]
  ]
}