{
  "case_id": 3,
  "method": "tsne",
  "dim": 9,
  "seeds": [
    0,
    1,
    2,
    3,
    4,
    5,
    6,
    7,
    8,
    9,
    10,
    11,
    12,
    13,
    14,
    15,
    16,
    17,
    18,
    19
  ],
  "model_paths": [
    "/mnt/home/tianyuez/landscape-v2/grid_world/models/gridworld_ppo_case_3_seed_0.pt",
    "/mnt/home/tianyuez/landscape-v2/grid_world/models/gridworld_ppo_case_3_seed_1.pt",
    "/mnt/home/tianyuez/landscape-v2/grid_world/models/gridworld_ppo_case_3_seed_2.pt",
    "/mnt/home/tianyuez/landscape-v2/grid_world/models/gridworld_ppo_case_3_seed_3.pt",
    "/mnt/home/tianyuez/landscape-v2/grid_world/models/gridworld_ppo_case_3_seed_4.pt",
    "/mnt/home/tianyuez/landscape-v2/grid_world/models/gridworld_ppo_case_3_seed_5.pt",
    "/mnt/home/tianyuez/landscape-v2/grid_world/models/gridworld_ppo_case_3_seed_6.pt",
    "/mnt/home/tianyuez/landscape-v2/grid_world/models/gridworld_ppo_case_3_seed_7.pt",
    "/mnt/home/tianyuez/landscape-v2/grid_world/models/gridworld_ppo_case_3_seed_8.pt",
    "/mnt/home/tianyuez/landscape-v2/grid_world/models/gridworld_ppo_case_3_seed_9.pt",
    "/mnt/home/tianyuez/landscape-v2/grid_world/models/gridworld_ppo_case_3_seed_10.pt",
    "/mnt/home/tianyuez/landscape-v2/grid_world/models/gridworld_ppo_case_3_seed_11.pt",
    "/mnt/home/tianyuez/landscape-v2/grid_world/models/gridworld_ppo_case_3_seed_12.pt",
    "/mnt/home/tianyuez/landscape-v2/grid_world/models/gridworld_ppo_case_3_seed_13.pt",
    "/mnt/home/tianyuez/landscape-v2/grid_world/models/gridworld_ppo_case_3_seed_14.pt",
    "/mnt/home/tianyuez/landscape-v2/grid_world/models/gridworld_ppo_case_3_seed_15.pt",
    "/mnt/home/tianyuez/landscape-v2/grid_world/models/gridworld_ppo_case_3_seed_16.pt",
    "/mnt/home/tianyuez/landscape-v2/grid_world/models/gridworld_ppo_case_3_seed_17.pt",
    "/mnt/home/tianyuez/landscape-v2/grid_world/models/gridworld_ppo_case_3_seed_18.pt",
    "/mnt/home/tianyuez/landscape-v2/grid_world/models/gridworld_ppo_case_3_seed_19.pt"
  ],
  "distance_norm": "l1",
  "distance_matrix": [
    [
      0.0,
      105.20752000808716,
      44.73800331354141,
      70.02116060256958,
      74.88875335454941,
      37.684741370379925,
      54.762842297554016,
      81.69325506687164,
      56.557561695575714,
      43.44605565071106,
      55.7614244222641,
      39.81620138883591,
      44.97396528720856,
      50.22532248497009,
      89.21839287877083,
      64.70529472827911,
      99.30033481121063,
      62.418226420879364,
      44.272495389916,
      51.482796370983124
    ],
    [
      105.20752000808716,
      0.0,
      103.5667125582695,
      93.94995498657227,
      140.25548630952835,
      128.2361529916525,
      113.4960263967514,
      127.67413032054901,
      120.62477093935013,
      102.48950362205505,
      100.38510644435883,
      107.93419712781906,
      118.27048408985138,
      108.7304847240448,
      183.11882302165031,
      127.79933893680573,
      99.36078321933746,
      96.02572965621948,
      140.0389140835032,
      128.84790712594986
    ],
    [
      44.73800331354141,
      103.5667125582695,
      0.0,
      39.825717866420746,
      59.69137799739838,
      44.64984588325024,
      47.9360014796257,
      64.1962097287178,
      43.49995398521423,
      41.672575414180756,
      31.710220992565155,
      49.411853551864624,
      45.13558214902878,
      61.119772017002106,
      85.03043439984322,
      70.5592914223671,
      110.83733397722244,
      50.997458934783936,
      51.53937572147697,
      54.77850615978241
    ],
    [
      70.02116060256958,
      93.94995498657227,
      39.825717866420746,
      0.0,
      92.47247916460037,
      55.67779432237148,
      67.6009167432785,
      53.74139583110809,
      49.1530105471611,
      39.26318335533142,
      55.867374300956726,
      53.99740523099899,
      80.17845404148102,
      62.31833219528198,
      107.14281699061394,
      63.49435532093048,
      102.56621611118317,
      47.82027179002762,
      79.70057332422584,
      76.05450826883316
    ],
    [
      74.88875335454941,
      140.25548630952835,
      59.69137799739838,
      92.47247916460037,
      0.0,
      77.69142873585224,
      61.73624724149704,
      83.27831691503525,
      69.21105146408081,
      71.50917202234268,
      75.34930318593979,
      64.73377561569214,
      47.460139095783234,
      75.85134941339493,
      85.28961583971977,
      99.31210643053055,
      131.91533607244492,
      54.609542429447174,
      47.01754218433052,
      70.44254720211029
    ],
    [
      37.684741370379925,
      128.2361529916525,
      44.64984588325024,
      55.67779432237148,
      77.69142873585224,
      0.0,
      65.3266074731946,
      59.81288839131594,
      40.87473375350237,
      42.09341489523649,
      52.58859158307314,
      44.21069972962141,
      61.935683004558086,
      59.60816825926304,
      72.22673378884792,
      39.56057285517454,
      117.16343235224485,
      64.16842549294233,
      47.849133028648794,
      63.20793558657169
    ],
    [
      54.762842297554016,
      113.4960263967514,
      47.9360014796257,
      67.6009167432785,
      61.73624724149704,
      65.3266074731946,
      0.0,
      58.44513511657715,
      34.2353555560112,
      60.15818274021149,
      44.38646960258484,
      57.739754140377045,
      44.374512672424316,
      39.343233942985535,
      96.41458639502525,
      95.73372626304626,
      112.04459261894226,
      44.60706055164337,
      40.856479407288134,
      48.4855540394783
    ],
    [
      81.69325506687164,
      127.67413032054901,
      64.1962097287178,
      53.74139583110809,
      83.27831691503525,
      59.81288839131594,
      58.44513511657715,
      0.0,
      42.95193988084793,
      57.09352099895477,
      65.08440518379211,
      56.74807995557785,
      79.32682919502258,
      57.44739043712616,
      99.93600711226463,
      76.5785584449768,
      124.80528903007507,
      48.61090987920761,
      58.48758315946907,
      73.25475603342056
    ],
    [
      56.557561695575714,
      120.62477093935013,
      43.49995398521423,
      49.1530105471611,
      69.21105146408081,
      40.87473375350237,
      34.2353555560112,
      42.95193988084793,
      0.0,
      56.706476390361786,
      38.825505912303925,
      44.781816363334656,
      57.356700360774994,
      47.34729224443436,
      82.0006403028965,
      64.25568181276321,
      119.85263890028,
      48.15465724468231,
      47.37342339847237,
      51.02263379096985
    ],
    [
      43.44605565071106,
      102.48950362205505,
      41.672575414180756,
      39.26318335533142,
      71.50917202234268,
      42.09341489523649,
      60.15818274021149,
      57.09352099895477,
      56.706476390361786,
      0.0,
      60.19495451450348,
      46.28711074590683,
      60.91227042675018,
      46.566157817840576,
      83.65859940648079,
      40.93343770503998,
      87.71743500232697,
      37.900747537612915,
      51.86507761385292,
      56.37512230873108
    ],
    [
      55.7614244222641,
      100.38510644435883,
      31.710220992565155,
      55.867374300956726,
      75.34930318593979,
      52.58859158307314,
      44.38646960258484,
      65.08440518379211,
      38.825505912303925,
      60.19495451450348,
      0.0,
      54.67585128545761,
      52.0120370388031,
      42.236159920692444,
      85.38098487257957,
      82.39113354682922,
      117.84347867965698,
      66.1286188364029,
      57.64415025617927,
      59.643350422382355
    ],
    [
      39.81620138883591,
      107.93419712781906,
      49.411853551864624,
      53.99740523099899,
      64.73377561569214,
      44.21069972962141,
      57.739754140377045,
      56.74807995557785,
      44.781816363334656,
      46.28711074590683,
      54.67585128545761,
      0.0,
      36.22523123025894,
      42.91231733560562,
      83.31195244193077,
      61.31316977739334,
      107.13996177911758,
      42.36870038509369,
      47.58275741431862,
      46.7428857088089
    ],
    [
      44.97396528720856,
      118.27048408985138,
      45.13558214902878,
      80.17845404148102,
      47.460139095783234,
      61.935683004558086,
      44.374512672424316,
      79.32682919502258,
      57.356700360774994,
      60.91227042675018,
      52.0120370388031,
      36.22523123025894,
      0.0,
      56.59860455989838,
      86.79590836167336,
      86.63371992111206,
      119.20054030418396,
      51.576920330524445,
      44.6292362222448,
      40.00821274518967
    ],
    [
      50.22532248497009,
      108.7304847240448,
      61.119772017002106,
      62.31833219528198,
      75.85134941339493,
      59.60816825926304,
      39.343233942985535,
      57.44739043712616,
      47.34729224443436,
      46.566157817840576,
      42.236159920692444,
      42.91231733560562,
      56.59860455989838,
      0.0,
      92.37611511349678,
      69.7494090795517,
      98.3391524553299,
      53.80905598402023,
      48.06859982106835,
      53.526875257492065
    ],
    [
      89.21839287877083,
      183.11882302165031,
      85.03043439984322,
      107.14281699061394,
      85.28961583971977,
      72.22673378884792,
      96.41458639502525,
      99.93600711226463,
      82.0006403028965,
      83.65859940648079,
      85.38098487257957,
      83.31195244193077,
      86.79590836167336,
      92.37611511349678,
      0.0,
      97.20595422387123,
      171.37603440880775,
      105.57559379935265,
      76.96945801470429,
      97.01841726899147
    ],
    [
      64.70529472827911,
      127.79933893680573,
      70.5592914223671,
      63.49435532093048,
      99.31210643053055,
      39.56057285517454,
      95.73372626304626,
      76.5785584449768,
      64.25568181276321,
      40.93343770503998,
      82.39113354682922,
      61.31316977739334,
      86.63371992111206,
      69.7494090795517,
      97.20595422387123,
      0.0,
      114.67628860473633,
      72.4991763830185,
      71.87114548590034,
      89.03941088914871
    ],
    [
      99.30033481121063,
      99.36078321933746,
      110.83733397722244,
      102.56621611118317,
      131.91533607244492,
      117.16343235224485,
      112.04459261894226,
      124.80528903007507,
      119.85263890028,
      87.71743500232697,
      117.84347867965698,
      107.13996177911758,
      119.20054030418396,
      98.3391524553299,
      171.37603440880775,
      114.67628860473633,
      0.0,
      91.87488967180252,
      112.48655676748604,
      121.2366052865982
    ],
    [
      62.418226420879364,
      96.02572965621948,
      50.997458934783936,
      47.82027179002762,
      54.609542429447174,
      64.16842549294233,
      44.60706055164337,
      48.61090987920761,
      48.15465724468231,
      37.900747537612915,
      66.1286188364029,
      42.36870038509369,
      51.576920330524445,
      53.80905598402023,
      105.57559379935265,
      72.4991763830185,
      91.87488967180252,
      0.0,
      52.11416423227638,
      55.68466782569885
    ],
    [
      44.272495389916,
      140.0389140835032,
      51.53937572147697,
      79.70057332422584,
      47.01754218433052,
      47.849133028648794,
      40.856479407288134,
      58.48758315946907,
      47.37342339847237,
      51.86507761385292,
      57.64415025617927,
      47.58275741431862,
      44.6292362222448,
      48.06859982106835,
      76.96945801470429,
      71.87114548590034,
      112.48655676748604,
      52.11416423227638,
      0.0,
      55.81619364116341
    ],
    [
      51.482796370983124,
      128.84790712594986,
      54.77850615978241,
      76.05450826883316,
      70.44254720211029,
      63.20793558657169,
      48.4855540394783,
      73.25475603342056,
      51.02263379096985,
      56.37512230873108,
      59.643350422382355,
      46.7428857088089,
      40.00821274518967,
      53.526875257492065,
      97.01841726899147,
      89.03941088914871,
      121.2366052865982,
      55.68466782569885,
      55.81619364116341,
      0.0
    ]
  ]
}