{
  "case_id": 1,
  "method": "tsne",
  "dim": 3,
  "seeds": [
    0,
    1,
    2,
    3,
    4,
    5,
    6,
    7,
    8,
    9
  ],
  "model_paths": [
    "/mnt/home/tianyuez/landscape-v2/grid_world/models/gridworld_ppo_case_1_seed_0.pt",
    "/mnt/home/tianyuez/landscape-v2/grid_world/models/gridworld_ppo_case_1_seed_1.pt",
    "/mnt/home/tianyuez/landscape-v2/grid_world/models/gridworld_ppo_case_1_seed_2.pt",
    "/mnt/home/tianyuez/landscape-v2/grid_world/models/gridworld_ppo_case_1_seed_3.pt",
    "/mnt/home/tianyuez/landscape-v2/grid_world/models/gridworld_ppo_case_1_seed_4.pt",
    "/mnt/home/tianyuez/landscape-v2/grid_world/models/gridworld_ppo_case_1_seed_5.pt",
    "/mnt/home/tianyuez/landscape-v2/grid_world/models/gridworld_ppo_case_1_seed_6.pt",
    "/mnt/home/tianyuez/landscape-v2/grid_world/models/gridworld_ppo_case_1_seed_7.pt",
    "/mnt/home/tianyuez/landscape-v2/grid_world/models/gridworld_ppo_case_1_seed_8.pt",
    "/mnt/home/tianyuez/landscape-v2/grid_world/models/gridworld_ppo_case_1_seed_9.pt"
  ],
  "distance_norm": "l1",
  "distance_matrix": [
    [
      0.0,
      225.85813903808594,
      467.15040588378906,
      180.9528169631958,
      197.8653221130371,
      273.9264030456543,
      266.8283634185791,
      303.32000160217285,
      344.8888568878174,
      142.55924606323242
    ],
    [
      225.85813903808594,
      0.0,
      442.9640655517578,
      247.38575077056885,
      423.72346115112305,
      377.9207572937012,
      327.23597145080566,
      370.42318534851074,
      239.45109748840332,
      325.80173110961914
    ],
    [
      467.15040588378906,
      442.9640655517578,
      0.0,
      286.19758892059326,
      297.80945205688477,
      367.86339950561523,
      200.32204246520996,
      305.2806987762451,
      216.97733879089355,
      385.7705268859863
    ],
    [
      180.9528169631958,
      247.38575077056885,
      286.19758892059326,
      0.0,
      176.3377103805542,
      252.0786428451538,
      155.94551372528076,
      189.4959421157837,
      163.93603992462158,
      265.6892442703247
    ],
    [
      197.8653221130371,
      423.72346115112305,
      297.80945205688477,
      176.3377103805542,
      0.0,
      279.8864517211914,
      214.80504035949707,
      309.28005027770996,
      200.32719612121582,
      146.55985260009766
    ],
    [
      273.9264030456543,
      377.9207572937012,
      367.86339950561523,
      252.0786428451538,
      279.8864517211914,
      0.0,
      408.02415657043457,
      176.87528800964355,
      393.5463123321533,
      416.4856491088867
    ],
    [
      266.8283634185791,
      327.23597145080566,
      200.32204246520996,
      155.94551372528076,
      214.80504035949707,
      408.02415657043457,
      0.0,
      345.44145584106445,
      193.78758239746094,
      185.44848442077637
    ],
    [
      303.32000160217285,
      370.42318534851074,
      305.2806987762451,
      189.4959421157837,
      309.28005027770996,
      176.87528800964355,
      345.44145584106445,
      0.0,
      330.9636116027832,
      445.8792476654053
    ],
    [
      344.8888568878174,
      239.45109748840332,
      216.97733879089355,
      163.93603992462158,
      200.32719612121582,
      393.5463123321533,
      193.78758239746094,
      330.9636116027832,
      0.0,
      309.55663871765137
    ],
    [
      142.55924606323242,
      325.80173110961914,
      385.7705268859863,
      265.6892442703247,
      146.55985260009766,
      416.4856491088867,
      185.44848442077637,
      445.8792476654053,
      309.55663871765137,
      0.0
    ]
  ]
}