{
  "case_id": 3,
  "method": "tsne",
  "dim": 2,
  "seeds": [
    0,
    1,
    2,
    3,
    4,
    5,
    6,
    7,
    8,
    9,
    10,
    11,
    12,
    13,
    14,
    15,
    16,
    17,
    18,
    19
  ],
  "model_paths": [
    "/mnt/home/tianyuez/landscape-v2/grid_world/models/gridworld_ppo_case_3_seed_0.pt",
    "/mnt/home/tianyuez/landscape-v2/grid_world/models/gridworld_ppo_case_3_seed_1.pt",
    "/mnt/home/tianyuez/landscape-v2/grid_world/models/gridworld_ppo_case_3_seed_2.pt",
    "/mnt/home/tianyuez/landscape-v2/grid_world/models/gridworld_ppo_case_3_seed_3.pt",
    "/mnt/home/tianyuez/landscape-v2/grid_world/models/gridworld_ppo_case_3_seed_4.pt",
    "/mnt/home/tianyuez/landscape-v2/grid_world/models/gridworld_ppo_case_3_seed_5.pt",
    "/mnt/home/tianyuez/landscape-v2/grid_world/models/gridworld_ppo_case_3_seed_6.pt",
    "/mnt/home/tianyuez/landscape-v2/grid_world/models/gridworld_ppo_case_3_seed_7.pt",
    "/mnt/home/tianyuez/landscape-v2/grid_world/models/gridworld_ppo_case_3_seed_8.pt",
    "/mnt/home/tianyuez/landscape-v2/grid_world/models/gridworld_ppo_case_3_seed_9.pt",
    "/mnt/home/tianyuez/landscape-v2/grid_world/models/gridworld_ppo_case_3_seed_10.pt",
    "/mnt/home/tianyuez/landscape-v2/grid_world/models/gridworld_ppo_case_3_seed_11.pt",
    "/mnt/home/tianyuez/landscape-v2/grid_world/models/gridworld_ppo_case_3_seed_12.pt",
    "/mnt/home/tianyuez/landscape-v2/grid_world/models/gridworld_ppo_case_3_seed_13.pt",
    "/mnt/home/tianyuez/landscape-v2/grid_world/models/gridworld_ppo_case_3_seed_14.pt",
    "/mnt/home/tianyuez/landscape-v2/grid_world/models/gridworld_ppo_case_3_seed_15.pt",
    "/mnt/home/tianyuez/landscape-v2/grid_world/models/gridworld_ppo_case_3_seed_16.pt",
    "/mnt/home/tianyuez/landscape-v2/grid_world/models/gridworld_ppo_case_3_seed_17.pt",
    "/mnt/home/tianyuez/landscape-v2/grid_world/models/gridworld_ppo_case_3_seed_18.pt",
    "/mnt/home/tianyuez/landscape-v2/grid_world/models/gridworld_ppo_case_3_seed_19.pt"
  ],
  "distance_matrix": [
    [
      0.0,
      0.5558273288635214,
      3.290411123316407,
      3.880125322055902,
      3.8881835691871824,
      3.497292661666485,
      4.108874395322949,
      0.44175558030846235,
      3.244906528566854,
      3.4396248135028364,
      3.9342663154818434,
      0.07976805078796405,
      3.1630546600315896,
      3.1801139121233213,
      0.40919453889217117,
      4.206183519839901,
      3.3654721245901613,
      2.975605665613814,
      3.5358624599468054,
      3.3201463829470645
    ],
    [
      0.5558273288635214,
      0.0,
      2.8541460615619116,
      4.1581105129774425,
      4.065740906218237,
      3.7764151770712355,
      4.364296688125091,
      0.11407175334308015,
      2.802338859913491,
      3.7133228732805845,
      4.113338846280355,
      0.6314596791198817,
      3.160917376365583,
      3.130967619781852,
      0.14855406316152814,
      4.421146040078198,
      2.929779018835108,
      3.1289177536527606,
      3.1115265650504824,
      3.5036071177772503
    ],
    [
      3.290411123316407,
      2.8541460615619116,
      0.0,
      4.694018065854364,
      4.126567921895921,
      4.415426801301755,
      4.738101522559542,
      2.9404110669558663,
      0.07445607942487244,
      4.343739963146475,
      4.168197088327101,
      3.3368285251094885,
      2.7071298136137756,
      2.464258887955598,
      2.9527313442324314,
      4.576550195312134,
      0.07563885642965144,
      3.4111955946975607,
      0.27403210607904305,
      3.7737473043398597
    ],
    [
      3.880125322055902,
      4.1581105129774425,
      4.694018065854364,
      0.0,
      0.7935019890809578,
      0.38313008869998577,
      0.28961338683528426,
      4.0964753147380195,
      4.71584653589136,
      0.4448197808429578,
      0.785531880213651,
      3.822843175504807,
      2.047757946934002,
      2.314357975500832,
      4.06162313840389,
      0.6037738366100867,
      4.730034589377177,
      1.2913330927178523,
      4.738778933633201,
      0.9219556942100303
    ],
    [
      3.8881835691871824,
      4.065740906218237,
      4.126567921895921,
      0.7935019890809578,
      0.0,
      0.8353666625529135,
      0.6764487435338508,
      4.023709587322357,
      4.1572192207958745,
      0.8191824302887419,
      0.04833278088151436,
      3.843466025798948,
      1.4201053032105133,
      1.6720235519528026,
      3.9928783376328605,
      0.4500469240195802,
      4.154035168835664,
      0.9409502612517868,
      4.13818094855597,
      0.5680377612362915
    ],
    [
      3.497292661666485,
      3.7764151770712355,
      4.415426801301755,
      0.38313008869998577,
      0.8353666625529135,
      0.0,
      0.6304545798201416,
      3.714086391183598,
      4.433151995736045,
      0.07283958595710076,
      0.8498275568380171,
      3.440284716238634,
      1.8385476967916508,
      2.10535539738347,
      3.6791327723490466,
      0.8487572184941068,
      4.4552367956813566,
      1.0074668999084315,
      4.4761071747443975,
      0.7040991581012298
    ],
    [
      4.108874395322949,
      4.364296688125091,
      4.738101522559542,
      0.28961338683528426,
      0.6764487435338508,
      0.6304545798201416,
      0.0,
      4.307290493447445,
      4.764192666053928,
      0.6772225137730911,
      0.6520897829119725,
      4.054112101242237,
      2.050292836912937,
      2.3116024031572544,
      4.273294041144387,
      0.351948306885515,
      4.770026985436451,
      1.3837699062354298,
      4.766376195817796,
      0.9850167146441645
    ],
    [
      0.44175558030846235,
      0.11407175334308015,
      2.9404110669558663,
      4.0964753147380195,
      4.023709587322357,
      3.714086391183598,
      4.307290493447445,
      0.0,
      2.889995751958038,
      3.6519544975247165,
      4.071072633644155,
      0.5175169184605969,
      3.1534055143771997,
      3.1331144163623965,
      0.038886607383910206,
      4.372158152914723,
      3.0159955087900436,
      3.089956897615338,
      3.195344399219297,
      3.459499410663484
    ],
    [
      3.244906528566854,
      2.802338859913491,
      0.07445607942487244,
      4.71584653589136,
      4.1572192207958745,
      4.433151995736045,
      4.764192666053928,
      2.889995751958038,
      0.0,
      4.3612621256236235,
      4.199242628417421,
      3.2924867292517876,
      2.738944524102247,
      2.4990260978191188,
      2.9030095351033283,
      4.607265707294096,
      0.1388481117887366,
      3.430588569525779,
      0.3432324615558224,
      3.7966436467362628
    ],
    [
      3.4396248135028364,
      3.7133228732805845,
      4.343739963146475,
      0.4448197808429578,
      0.8191824302887419,
      0.07283958595710076,
      0.6772225137730911,
      3.6519544975247165,
      4.3612621256236235,
      0.0,
      0.8375303210627947,
      3.3833510761808543,
      1.773874955345231,
      2.0403108668675656,
      3.6171801965195023,
      0.8712939126104492,
      4.3837461165128175,
      0.9370095288967546,
      4.4053333505631045,
      0.6438393994827222
    ],
    [
      3.9342663154818434,
      4.113338846280355,
      4.168197088327101,
      0.785531880213651,
      0.04833278088151436,
      0.8498275568380171,
      0.6520897829119725,
      4.071072633644155,
      4.199242628417421,
      0.8375303210627947,
      0.0,
      3.8892948892481036,
      1.4612620031743058,
      1.7116134647008308,
      4.040184036409549,
      0.40875827972551315,
      4.1952419418697895,
      0.989082355272777,
      4.178101228487964,
      0.6142503193978396
    ],
    [
      0.07976805078796405,
      0.6314596791198817,
      3.3368285251094885,
      3.822843175504807,
      3.843466025798948,
      3.440284716238634,
      4.054112101242237,
      0.5175169184605969,
      3.2924867292517876,
      3.3833510761808543,
      3.8892948892481036,
      0.0,
      3.1439848417352483,
      3.167636505731145,
      0.4837834389794565,
      4.156338788487153,
      3.4116945795403844,
      2.9356559909260214,
      3.5799034229340108,
      3.27551117245675
    ],
    [
      3.1630546600315896,
      3.160917376365583,
      2.7071298136137756,
      2.047757946934002,
      1.4201053032105133,
      1.8385476967916508,
      2.050292836912937,
      3.1534055143771997,
      2.738944524102247,
      1.773874955345231,
      1.4612620031743058,
      3.1439848417352483,
      0.0,
      0.26751307366008764,
      3.131546050544884,
      1.86984102383723,
      2.733995587132899,
      0.8839786501282341,
      2.719931085777558,
      1.1399021364292843
    ],
    [
      3.1801139121233213,
      3.130967619781852,
      2.464258887955598,
      2.314357975500832,
      1.6720235519528026,
      2.10535539738347,
      2.3116024031572544,
      3.1331144163623965,
      2.4990260978191188,
      2.0403108668675656,
      1.7116134647008308,
      3.167636505731145,
      0.26751307366008764,
      0.0,
      3.1140709917414218,
      2.120259229454338,
      2.488137663527802,
      1.140281593065937,
      2.4665616887245925,
      1.4073827505657566
    ],
    [
      0.40919453889217117,
      0.14855406316152814,
      2.9527313442324314,
      4.06162313840389,
      3.9928783376328605,
      3.6791327723490466,
      4.273294041144387,
      0.038886607383910206,
      2.9030095351033283,
      3.6171801965195023,
      4.040184036409549,
      0.4837834389794565,
      3.131546050544884,
      3.1140709917414218,
      0.0,
      4.339779227303381,
      3.028274549141051,
      3.059949206630365,
      3.2064324528447306,
      3.428264206498953
    ],
    [
      4.206183519839901,
      4.421146040078198,
      4.576550195312134,
      0.6037738366100867,
      0.4500469240195802,
      0.8487572184941068,
      0.351948306885515,
      4.372158152914723,
      4.607265707294096,
      0.8712939126104492,
      0.40875827972551315,
      4.156338788487153,
      1.86984102383723,
      2.120259229454338,
      4.339779227303381,
      0.0,
      4.603835207405587,
      1.3346798866115879,
      4.5867924851851996,
      0.9333648140158974
    ],
    [
      3.3654721245901613,
      2.929779018835108,
      0.07563885642965144,
      4.730034589377177,
      4.154035168835664,
      4.4552367956813566,
      4.770026985436451,
      3.0159955087900436,
      0.1388481117887366,
      4.3837461165128175,
      4.1952419418697895,
      3.4116945795403844,
      2.733995587132899,
      2.488137663527802,
      3.028274549141051,
      4.603835207405587,
      0.0,
      3.4498058506150198,
      0.20476454594595558,
      3.80899905438846
    ],
    [
      2.975605665613814,
      3.1289177536527606,
      3.4111955946975607,
      1.2913330927178523,
      0.9409502612517868,
      1.0074668999084315,
      1.3837699062354298,
      3.089956897615338,
      3.430588569525779,
      0.9370095288967546,
      0.989082355272777,
      2.9356559909260214,
      0.8839786501282341,
      1.140281593065937,
      3.059949206630365,
      1.3346798866115879,
      3.4498058506150198,
      0.0,
      3.468709554497522,
      0.4048633980610054
    ],
    [
      3.5358624599468054,
      3.1115265650504824,
      0.27403210607904305,
      4.738778933633201,
      4.13818094855597,
      4.4761071747443975,
      4.766376195817796,
      3.195344399219297,
      0.3432324615558224,
      4.4053333505631045,
      4.178101228487964,
      3.5799034229340108,
      2.719931085777558,
      2.4665616887245925,
      3.2064324528447306,
      4.5867924851851996,
      0.20476454594595558,
      3.468709554497522,
      0.0,
      3.816828815397391
    ],
    [
      3.3201463829470645,
      3.5036071177772503,
      3.7737473043398597,
      0.9219556942100303,
      0.5680377612362915,
      0.7040991581012298,
      0.9850167146441645,
      3.459499410663484,
      3.7966436467362628,
      0.6438393994827222,
      0.6142503193978396,
      3.27551117245675,
      1.1399021364292843,
      1.4073827505657566,
      3.428264206498953,
      0.9333648140158974,
      3.80899905438846,
      0.4048633980610054,
      3.816828815397391,
      0.0
    ]
  ]
}