{
  "case_id": 2,
  "method": "tsne",
  "dim": 9,
  "seeds": [
    0,
    1,
    2,
    3,
    4,
    5,
    6,
    7,
    8,
    9
  ],
  "model_paths": [
    "/mnt/home/tianyuez/landscape-v2/grid_world/models/gridworld_ppo_case_2_seed_0.pt",
    "/mnt/home/tianyuez/landscape-v2/grid_world/models/gridworld_ppo_case_2_seed_1.pt",
    "/mnt/home/tianyuez/landscape-v2/grid_world/models/gridworld_ppo_case_2_seed_2.pt",
    "/mnt/home/tianyuez/landscape-v2/grid_world/models/gridworld_ppo_case_2_seed_3.pt",
    "/mnt/home/tianyuez/landscape-v2/grid_world/models/gridworld_ppo_case_2_seed_4.pt",
    "/mnt/home/tianyuez/landscape-v2/grid_world/models/gridworld_ppo_case_2_seed_5.pt",
    "/mnt/home/tianyuez/landscape-v2/grid_world/models/gridworld_ppo_case_2_seed_6.pt",
    "/mnt/home/tianyuez/landscape-v2/grid_world/models/gridworld_ppo_case_2_seed_7.pt",
    "/mnt/home/tianyuez/landscape-v2/grid_world/models/gridworld_ppo_case_2_seed_8.pt",
    "/mnt/home/tianyuez/landscape-v2/grid_world/models/gridworld_ppo_case_2_seed_9.pt"
  ],
  "distance_matrix": [
    [
      0.0,
      61.06875336266519,
      31.01853506678557,
      34.205188455436485,
      28.263568548973286,
      42.05575158173772,
      25.63990236064918,
      52.51654898975495,
      41.404920871298884,
      34.834911819470065
    ],
    [
      61.06875336266519,
      0.0,
      60.1098101529844,
      53.737123670210096,
      64.1902910885689,
      65.21743243182821,
      40.033728853534186,
      26.937696510607587,
      35.2392243757017,
      49.76702709550963
    ],
    [
      31.01853506678557,
      60.1098101529844,
      0.0,
      48.79963130787526,
      31.076770905000682,
      28.839201554356872,
      32.65145711630734,
      58.00632847962287,
      53.540547489443895,
      21.62071830566242
    ],
    [
      34.205188455436485,
      53.737123670210096,
      48.79963130787526,
      0.0,
      29.05115881468134,
      47.233423433371634,
      23.8982039603079,
      41.1386769643243,
      22.78936729299502,
      46.374968820957896
    ],
    [
      28.263568548973286,
      64.1902910885689,
      31.076770905000682,
      29.05115881468134,
      0.0,
      28.135244220023345,
      26.321837046461106,
      54.97735383567435,
      41.62556923856322,
      30.85597643604434
    ],
    [
      42.05575158173772,
      65.21743243182821,
      28.839201554356872,
      47.233423433371634,
      28.135244220023345,
      0.0,
      36.00135873036008,
      65.99990813653324,
      54.63617999356449,
      30.023815617096933
    ],
    [
      25.63990236064918,
      40.033728853534186,
      32.65145711630734,
      23.8982039603079,
      26.321837046461106,
      36.00135873036008,
      0.0,
      35.238611548122186,
      21.989193323723033,
      26.839596136337676
    ],
    [
      52.51654898975495,
      26.937696510607587,
      58.00632847962287,
      41.1386769643243,
      54.97735383567435,
      65.99990813653324,
      35.238611548122186,
      0.0,
      24.60672100049465,
      47.26046484818593
    ],
    [
      41.404920871298884,
      35.2392243757017,
      53.540547489443895,
      22.78936729299502,
      41.62556923856322,
      54.63617999356449,
      21.989193323723033,
      24.60672100049465,
      0.0,
      44.534694570273224
    ],
    [
      34.834911819470065,
      49.76702709550963,
      21.62071830566242,
      46.374968820957896,
      30.85597643604434,
      30.023815617096933,
      26.839596136337676,
      47.26046484818593,
      44.534694570273224,
      0.0
    ]
  ]
}