{
  "case_id": 2,
  "method": "tsne",
  "dim": 2,
  "seeds": [
    0,
    1,
    2,
    3,
    4,
    5,
    6,
    7,
    8,
    9
  ],
  "model_paths": [
    "/mnt/home/tianyuez/landscape-v2/grid_world/models/gridworld_ppo_case_2_seed_0.pt",
    "/mnt/home/tianyuez/landscape-v2/grid_world/models/gridworld_ppo_case_2_seed_1.pt",
    "/mnt/home/tianyuez/landscape-v2/grid_world/models/gridworld_ppo_case_2_seed_2.pt",
    "/mnt/home/tianyuez/landscape-v2/grid_world/models/gridworld_ppo_case_2_seed_3.pt",
    "/mnt/home/tianyuez/landscape-v2/grid_world/models/gridworld_ppo_case_2_seed_4.pt",
    "/mnt/home/tianyuez/landscape-v2/grid_world/models/gridworld_ppo_case_2_seed_5.pt",
    "/mnt/home/tianyuez/landscape-v2/grid_world/models/gridworld_ppo_case_2_seed_6.pt",
    "/mnt/home/tianyuez/landscape-v2/grid_world/models/gridworld_ppo_case_2_seed_7.pt",
    "/mnt/home/tianyuez/landscape-v2/grid_world/models/gridworld_ppo_case_2_seed_8.pt",
    "/mnt/home/tianyuez/landscape-v2/grid_world/models/gridworld_ppo_case_2_seed_9.pt"
  ],
  "distance_norm": "l1",
  "distance_matrix": [
    [
      0.0,
      29.477702140808105,
      32.306028842926025,
      93.16878700256348,
      31.363380432128906,
      31.61052131652832,
      116.88482522964478,
      56.831194281578064,
      41.31136226654053,
      109.8607931137085
    ],
    [
      29.477702140808105,
      0.0,
      56.272160053253174,
      122.64648914337158,
      31.355366706848145,
      50.40537929534912,
      135.67968320846558,
      75.62605226039886,
      22.59183692932129,
      128.6556510925293
    ],
    [
      32.306028842926025,
      56.272160053253174,
      0.0,
      66.37432909011841,
      58.157838344573975,
      33.71857786178589,
      84.57879638671875,
      24.52516543865204,
      73.61739110946655,
      77.55476427078247
    ],
    [
      93.16878700256348,
      122.64648914337158,
      66.37432909011841,
      0.0,
      124.53216743469238,
      100.0929069519043,
      28.518280506134033,
      51.6483119726181,
      129.67790699005127,
      21.494248390197754
    ],
    [
      31.363380432128906,
      31.355366706848145,
      58.157838344573975,
      124.53216743469238,
      0.0,
      24.439260482788086,
      132.01208639144897,
      72.88385546207428,
      53.87187099456787,
      103.49673557281494
    ],
    [
      31.61052131652832,
      50.40537929534912,
      33.71857786178589,
      100.0929069519043,
      24.439260482788086,
      0.0,
      107.57282590866089,
      48.444594979286194,
      72.92188358306885,
      79.05747509002686
    ],
    [
      116.88482522964478,
      135.67968320846558,
      84.57879638671875,
      28.518280506134033,
      132.01208639144897,
      107.57282590866089,
      0.0,
      60.05363094806671,
      158.1961874961853,
      28.515350818634033
    ],
    [
      56.831194281578064,
      75.62605226039886,
      24.52516543865204,
      51.6483119726181,
      72.88385546207428,
      48.444594979286194,
      60.05363094806671,
      0.0,
      98.14255654811859,
      53.02959883213043
    ],
    [
      41.31136226654053,
      22.59183692932129,
      73.61739110946655,
      129.67790699005127,
      53.87187099456787,
      72.92188358306885,
      158.1961874961853,
      98.14255654811859,
      0.0,
      151.17215538024902
    ],
    [
      109.8607931137085,
      128.6556510925293,
      77.55476427078247,
      21.494248390197754,
      103.49673557281494,
      79.05747509002686,
      28.515350818634033,
      53.02959883213043,
      151.17215538024902,
      0.0
    ]
  ]
}