{
  "case_id": 1,
  "method": "tsne",
  "dim": 9,
  "seeds": [
    0,
    1,
    2,
    3,
    4,
    5,
    6,
    7,
    8,
    9
  ],
  "model_paths": [
    "/mnt/home/tianyuez/landscape-v2/grid_world/models/gridworld_ppo_case_1_seed_0.pt",
    "/mnt/home/tianyuez/landscape-v2/grid_world/models/gridworld_ppo_case_1_seed_1.pt",
    "/mnt/home/tianyuez/landscape-v2/grid_world/models/gridworld_ppo_case_1_seed_2.pt",
    "/mnt/home/tianyuez/landscape-v2/grid_world/models/gridworld_ppo_case_1_seed_3.pt",
    "/mnt/home/tianyuez/landscape-v2/grid_world/models/gridworld_ppo_case_1_seed_4.pt",
    "/mnt/home/tianyuez/landscape-v2/grid_world/models/gridworld_ppo_case_1_seed_5.pt",
    "/mnt/home/tianyuez/landscape-v2/grid_world/models/gridworld_ppo_case_1_seed_6.pt",
    "/mnt/home/tianyuez/landscape-v2/grid_world/models/gridworld_ppo_case_1_seed_7.pt",
    "/mnt/home/tianyuez/landscape-v2/grid_world/models/gridworld_ppo_case_1_seed_8.pt",
    "/mnt/home/tianyuez/landscape-v2/grid_world/models/gridworld_ppo_case_1_seed_9.pt"
  ],
  "distance_norm": "l1",
  "distance_matrix": [
    [
      0.0,
      66.44666225789115,
      44.79781427979469,
      64.72027319669724,
      43.09864404797554,
      75.19750225357711,
      178.39900621026754,
      83.63056001253426,
      118.86681178957224,
      56.712568789720535
    ],
    [
      66.44666225789115,
      0.0,
      46.45902196643874,
      71.72551829041913,
      56.285487201530486,
      39.28061087941751,
      114.50334894610569,
      36.739042648579925,
      86.24591037305072,
      47.180101205129176
    ],
    [
      44.79781427979469,
      46.45902196643874,
      0.0,
      40.17701545357704,
      60.66143190860748,
      56.80990597419441,
      156.83637373894453,
      62.06792754121125,
      106.57790315896273,
      48.249289870262146
    ],
    [
      64.72027319669724,
      71.72551829041913,
      40.17701545357704,
      0.0,
      76.20821592211723,
      79.82544671185315,
      185.02049236372113,
      87.9148038905114,
      110.33160593360662,
      65.98072090744972
    ],
    [
      43.09864404797554,
      56.285487201530486,
      60.66143190860748,
      76.20821592211723,
      0.0,
      46.08786408789456,
      144.6849516108632,
      62.93505328707397,
      83.21251326054335,
      56.635191202163696
    ],
    [
      75.19750225357711,
      39.28061087941751,
      56.80990597419441,
      79.82544671185315,
      46.08786408789456,
      0.0,
      106.0581875089556,
      34.72187862172723,
      62.67306444980204,
      43.95247075147927
    ],
    [
      178.39900621026754,
      114.50334894610569,
      156.83637373894453,
      185.02049236372113,
      144.6849516108632,
      106.0581875089556,
      0.0,
      99.80550455115736,
      113.90366443619132,
      134.2585634663701
    ],
    [
      83.63056001253426,
      36.739042648579925,
      62.06792754121125,
      87.9148038905114,
      62.93505328707397,
      34.72187862172723,
      99.80550455115736,
      0.0,
      85.34316069446504,
      51.18859618715942
    ],
    [
      118.86681178957224,
      86.24591037305072,
      106.57790315896273,
      110.33160593360662,
      83.21251326054335,
      62.67306444980204,
      113.90366443619132,
      85.34316069446504,
      0.0,
      99.95394753664732
    ],
    [
      56.712568789720535,
      47.180101205129176,
      48.249289870262146,
      65.98072090744972,
      56.635191202163696,
      43.95247075147927,
      134.2585634663701,
      51.18859618715942,
      99.95394753664732,
      0.0
    ]
  ]
}